"fips","date.x","days_from_start.x","county","state","log_rolled_cases.x","r.lm","t0.lm","predicted.lm","r.slm","t0.slm","predicted.slm","date.y","days_from_start.y","log_rolled_cases.y","lm.mse","slm.mse","lm.mape","slm.mape"
1001,2021-01-10,355,"Autauga","Alabama",7.07181587664148,0.0163797819303953,-76.7405388357826,7.18647435015425,0.0163797819303966,-76.7405388357488,7.18647435015425,2021-01-17,362,7.06646697013696,0.0144017712586138,0.0144017712586159,0.016982656329456,0.0169826563294572
1003,2021-01-10,355,"Baldwin","Alabama",8.18431449030515,0.00824433372555705,-637.71994108319,8.24202482638405,0.00824433372555688,-637.71994108321,8.24202482638405,2021-01-17,362,8.17309192763053,0.00475174453056326,0.00475174453056301,0.00843412742250973,0.00843412742250951
1005,2021-01-10,355,"Barbour","Alabama",5.73518885248105,0.031406377824847,172.387764852537,5.95503349725498,0.0314063778248466,172.387764852534,5.95503349725497,2021-01-17,362,5.78821115427299,0.0278296941179996,0.0278296941179984,0.0288210534370078,0.0288210534370072
1007,2021-01-10,355,"Bibb","Alabama",6.12217947722293,-0.00468970689125444,1660.45034459186,6.08935152898415,0,354,6.12217947722293,2021-01-17,362,6.07304453410041,0.000265918082138467,0.00241424263565381,0.00268514330698218,0.00809066076275756
1009,2021-01-10,355,"Blount","Alabama",6.88623975694759,-0.0183677157438228,729.909969916291,6.75766574674083,0,354,6.88623975694759,2021-01-17,362,6.76008356525259,5.84584635581812e-06,0.015915384702985,0.000357661039012833,0.0186619278411662
1011,2021-01-10,355,"Bullock","Alabama",5.27446368766863,0.0192029534422679,80.3306006533905,5.40888436176451,0.0192029534422673,80.3306006533818,5.40888436176451,2021-01-17,362,5.30897466102202,0.00998194830245321,0.00998194830245232,0.0188190200785876,0.0188190200785868
1013,2021-01-10,355,"Butler","Alabama",5.48420398950649,-0.00059294398416685,9604.1097573279,5.48005338161732,0,354,5.48420398950649,2021-01-17,362,5.49129621781598,0.000126401365789916,5.02997023939766e-05,0.00204739204601355,0.00129153992576163
1015,2021-01-10,355,"Calhoun","Alabama",7.62733571661024,-0.00471928143561127,1971.20700538329,7.59430074656096,0,354,7.62733571661024,2021-01-17,362,7.55732369242319,0.00136730253270784,0.00490168353076843,0.00489287684935952,0.00926412934478976
1017,2021-01-10,355,"Chambers","Alabama",6.18267505131918,0.0354285026518609,180.488671873226,6.43067456988221,0.0354285026518593,180.488671873218,6.4306745698822,2021-01-17,362,6.3662249585931,0.00415375239531723,0.00415375239531574,0.0101236779580205,0.0101236779580187
1019,2021-01-10,355,"Cherokee","Alabama",5.56068163101553,0.00440529346791549,-907.272688871905,5.59151868529094,0.00440529346791596,-907.272688871771,5.59151868529094,2021-01-17,362,5.52772695944089,0.00406938428692686,0.00406938428692731,0.0115403178047879,0.0115403178047885
1021,2021-01-10,355,"Chilton","Alabama",6.31974001652502,0.0186921330121542,16.9037531770334,6.4505849476101,0.0186921330121521,16.9037531769953,6.45058494761008,2021-01-17,362,6.33201010911683,0.0140599923237038,0.0140599923237002,0.0187262553991411,0.0187262553991387
1023,2021-01-10,355,"Choctaw","Alabama",3.58351893845611,-0.0465200156348919,432.031765564763,3.25787882901187,0,354,3.58351893845611,2021-01-17,362,3.29053181377464,0.00106621741391778,0.0858414552291166,0.00992331532127463,0.0890394444615263
1025,2021-01-10,355,"Clarke","Alabama",6.07731453566136,0.010212574347757,-240.081546407163,6.14880255609566,0.0102125743477552,-240.081546407265,6.14880255609564,2021-01-17,362,6.21031317413931,0.00378355613211248,0.00378355613211401,0.00990459197771138,0.00990459197771339
1027,2021-01-10,355,"Clay","Alabama",5.15823394393222,0.0149009379600167,8.83159383837544,5.26254050965233,0.0149009379600162,8.83159383836568,5.26254050965233,2021-01-17,362,5.10421237121375,0.0250677994214275,0.0250677994214266,0.0310191126316585,0.031019112631658
1029,2021-01-10,355,"Cleburne","Alabama",5.1793729424554,0.00403063826617023,-930.000687341923,5.20758741031859,0.00403063826617167,-930.000687341463,5.2075874103186,2021-01-17,362,5.17048399503815,0.00137666342547288,0.00137666342547361,0.00717600428045953,0.00717600428046142
1031,2021-01-10,355,"Coffee","Alabama",6.82173042820248,0.0241089436308268,72.0456519098622,6.99049303361827,0.0241089436308259,72.045651909852,6.99049303361826,2021-01-17,362,6.90704073804427,0.00696428563657015,0.00696428563656911,0.0120822069449136,0.0120822069449127
1033,2021-01-10,355,"Colbert","Alabama",6.87272008004504,0.00459702744757024,-1140.0356852182,6.90489927217803,0.00459702744757085,-1140.035685218,6.90489927217804,2021-01-17,362,6.85465584322461,0.00252440215299794,0.00252440215299838,0.00732982517321977,0.00732982517322042
1035,2021-01-10,355,"Conecuh","Alabama",4.58642414316704,0.017621601349819,94.7271648518966,4.70977535261577,0.0176216013498189,94.7271648518958,4.70977535261577,2021-01-17,362,4.70695288029804,7.96634998436172e-06,7.96634998436172e-06,0.000599638957412503,0.000599638957412503
1037,2021-01-10,355,"Coosa","Alabama",4.76461296039711,0.037225141684772,227.005511738691,5.02518895219052,0.0372251416847718,227.00551173869,5.02518895219051,2021-01-17,362,4.8553728854163,0.0288374965346639,0.0288374965346633,0.0349748764475486,0.0349748764475482
1039,2021-01-10,355,"Covington","Alabama",6.14142277741804,0.00585788633630036,-693.402516682621,6.18242798177214,0.00585788633630013,-693.402516682662,6.18242798177214,2021-01-17,362,6.171103938682,0.000128233951907438,0.000128233951907398,0.00183501091582045,0.00183501091582016
1041,2021-01-10,355,"Crenshaw","Alabama",5.59258485035815,0.0530033913827121,249.486282774308,5.96360859003714,0.0530033913827079,249.4862827743,5.96360859003711,2021-01-17,362,5.67135766457303,0.0854106034346251,0.085410603434608,0.0515310341454379,0.0515310341454327
1043,2021-01-10,355,"Cullman","Alabama",7.3560974114467,-0.0148526548518462,850.271551437978,7.25212882748377,0,354,7.3560974114467,2021-01-17,362,7.22100066499353,0.00096896250001888,0.0182511309022307,0.00431078238797938,0.0187088677484959
1045,2021-01-10,355,"Dale","Alabama",6.58063913728495,0.0109573762909996,-245.567048399197,6.65734077132195,0.0109573762909996,-245.567048399196,6.65734077132195,2021-01-17,362,6.65341587189945,1.54048354767449e-05,1.54048354767449e-05,0.000589907424707546,0.000589907424707546
1047,2021-01-10,355,"Dallas","Alabama",5.86970038297988,-0.0084354788211027,1050.83487878553,5.81065203123216,0,354,5.86970038297988,2021-01-17,362,5.81923475388082,7.36631280638309e-05,0.00254677972036371,0.00147488853975805,0.00867221056263504
1049,2021-01-10,355,"DeKalb","Alabama",7.03665094320213,-0.0273752153740174,612.044587487733,6.84502443558401,0,354,7.03665094320213,2021-01-17,362,6.89885867847438,0.00289812570757928,0.0189867082188028,0.00780335493149633,0.0199731971837149
1051,2021-01-10,355,"Elmore","Alabama",7.57250298502038,0.0115300612155359,-301.761732957412,7.65321341352914,0.0115300612155353,-301.761732957442,7.65321341352913,2021-01-17,362,7.5484807091386,0.0109689393689555,0.0109689393689547,0.0138746733847702,0.0138746733847697
1053,2021-01-10,355,"Escambia","Alabama",6.3104376238627,0.034868825650824,174.023511515548,6.55451940341847,0.0348688256508245,174.023511515551,6.55451940341847,2021-01-17,362,6.44003475575097,0.0131067345515518,0.0131067345515527,0.0177770232629981,0.0177770232629986
1055,2021-01-10,355,"Etowah","Alabama",7.7802433881979,-0.00696079200480191,1472.7238714834,7.73151784416429,0,354,7.7802433881979,2021-01-17,362,7.67951557440603,0.00270423606001085,0.0101460924712902,0.00677155599912722,0.0131164280892371
1057,2021-01-10,355,"Fayette","Alabama",5.68794341062645,-0.0115441397468706,847.712626089645,5.60713443239836,0,354,5.68794341062645,2021-01-17,362,5.69661398517759,0.00800659036557089,7.51788630467911e-05,0.0157074980000492,0.00152205758959544
1059,2021-01-10,355,"Franklin","Alabama",6.21575030300097,0.00888639931221197,-344.467814197713,6.27795509818645,0.00888639931220947,-344.46781419791,6.27795509818644,2021-01-17,362,6.27986065029342,3.63112883236329e-06,3.63112883243099e-06,0.000303438597300269,0.000303438597303098
1061,2021-01-10,355,"Geneva","Alabama",5.94429806405465,0.0327274261674351,173.369521830304,6.17339004722669,0.0327274261674333,173.369521830294,6.17339004722668,2021-01-17,362,6.04838483736066,0.0156263024936505,0.0156263024936474,0.0206675357516734,0.0206675357516714
1063,2021-01-10,355,"Greene","Alabama",5.03509559166642,0.00372439909098409,-996.921603636735,5.06116638530331,0.00372439909098521,-996.921603636331,5.06116638530331,2021-01-17,362,4.96683267143787,0.00889884957164693,0.00889884957164844,0.0189927303989752,0.0189927303989768
1065,2021-01-10,355,"Hale","Alabama",5.98896141688986,0.00790802108219759,-402.327446985708,6.04431756446525,0.00790802108219868,-402.327446985605,6.04431756446525,2021-01-17,362,5.97743806287484,0.00447286773298121,0.00447286773298228,0.011188656559369,0.0111886565593704
1067,2021-01-10,355,"Henry","Alabama",5.85261290456989,0.0165498191908245,1.36393684502011,5.96846163890566,0.0165498191908231,1.36393684499133,5.96846163890565,2021-01-17,362,5.90224293714421,0.00438491646297209,0.0043849164629708,0.0112192436784873,0.0112192436784857
1069,2021-01-10,355,"Houston","Alabama",7.39983485992707,0.01221402645101,-250.847292832345,7.48533304508415,0.0122140264510087,-250.847292832412,7.48533304508414,2021-01-17,362,7.42705914636909,0.00339584727145291,0.00339584727145177,0.00784616058208549,0.00784616058208417
1071,2021-01-10,355,"Jackson","Alabama",6.86126247386139,0.00329785938226874,-1725.52002179099,6.88434748953727,0.00329785938226834,-1725.52002179124,6.88434748953727,2021-01-17,362,6.83641271034219,0.00229774305648079,0.00229774305648054,0.00701168598592078,0.00701168598592039
1073,2021-01-10,355,"Jefferson","Alabama",9.55388954869599,0.000243200520026217,-38929.0013157295,9.55559195233617,0.000243200520028353,-38929.0013153845,9.55559195233619,2021-01-17,362,9.48725756763659,0.00466958813227054,0.00466958813227248,0.00720275424298463,0.00720275424298613
1075,2021-01-10,355,"Lamar","Alabama",5.37726056888815,-0.0241289827996962,577.854838661324,5.20835768929028,0,354,5.37726056888815,2021-01-17,362,5.18898070251057,0.000375467616661082,0.035449308083161,0.00373425685902735,0.0362845570588631
1077,2021-01-10,355,"Lauderdale","Alabama",7.4194662250204,-0.0014547946599011,5455.00925183819,7.4092826624011,0,354,7.4194662250204,2021-01-17,362,7.35033265192158,0.00347510373553549,0.00477945092941097,0.0080200466116467,0.0094055026313339
1079,2021-01-10,355,"Lawrence","Alabama",6.35437004079735,0.00973668907992496,-297.621233833865,6.42252686435683,0.00973668907992487,-297.621233833872,6.42252686435682,2021-01-17,362,6.28280064973837,0.0195234150516018,0.0195234150516016,0.0222394792399264,0.0222394792399262
1081,2021-01-10,355,"Lee","Alabama",7.67660609672047,0.0266414011803168,66.8542660439305,7.86309590498269,0.026641401180318,66.8542660439436,7.8630959049827,2021-01-17,362,7.82735481643084,0.00127742541087132,0.00127742541087195,0.0045661771300856,0.00456617713008674
1083,2021-01-10,355,"Limestone","Alabama",7.46826862317707,-0.0094972100669153,1141.36447657336,7.40178815270867,0,354,7.46826862317707,2021-01-17,362,7.36698681124596,0.00121113336760398,0.0102580054280497,0.0047239587031135,0.0137480647822668
1085,2021-01-10,355,"Lowndes","Alabama",4.94571574799694,0.0542930823666697,263.907073748439,5.32576732456363,0.0542930823666667,263.907073748435,5.32576732456361,2021-01-17,362,5.14832469686944,0.0314858861230189,0.0314858861230117,0.0344660910377483,0.0344660910377443
1087,2021-01-10,355,"Macon","Alabama",5.25376819663586,0.00975617494536461,-183.506968771819,5.32206142125341,0.00975617494536518,-183.506968771787,5.32206142125341,2021-01-17,362,5.25972502735505,0.00388582600425164,0.0038858260042522,0.0118516450145509,0.0118516450145518
1089,2021-01-10,355,"Madison","Alabama",8.7880051895748,-0.00441425016866198,2345.82626806322,8.75710543839416,0,354,8.7880051895748,2021-01-17,362,8.73265013343943,0.000598061940428734,0.00306418223974905,0.00280044483416123,0.00633886108907465
1091,2021-01-10,355,"Marengo","Alabama",5.85670791438736,-0.00854532158260478,1040.37010079404,5.79689066330913,0,354,5.85670791438736,2021-01-17,362,5.65549218552842,0.0199935295187006,0.040487769540234,0.0250019756269001,0.035578818298754
1093,2021-01-10,355,"Marion","Alabama",6.20021936097009,-0.00115874868121863,5705.78870980847,6.19210812020156,0,354,6.20021936097009,2021-01-17,362,6.14080777124859,0.00263172580269667,0.00352973699323605,0.00835400664928175,0.00967488186157987
1095,2021-01-10,355,"Marshall","Alabama",7.35901286540681,-0.00435730536895867,2043.89078048838,7.3285117278241,0,354,7.35901286540681,2021-01-17,362,7.25589389189858,0.00527335009450601,0.0106335226973916,0.0100081171262168,0.0142117532373741
1097,2021-01-10,355,"Mobile","Alabama",8.52161198557795,0.0206062497871283,-58.5450202540476,8.66585573408785,0.0206062497871287,-58.5450202540409,8.66585573408785,2021-01-17,362,8.60891251622632,0.00324253006042548,0.00324253006042568,0.00661444958979432,0.00661444958979452
1099,2021-01-10,355,"Monroe","Alabama",5.89479630269409,0.0190633255094182,45.7781750995238,6.02823958126001,0.0190633255094177,45.7781750995162,6.02823958126001,2021-01-17,362,5.87973458316468,0.0220537344592958,0.0220537344592947,0.0252570921348299,0.0252570921348293
1101,2021-01-10,355,"Montgomery","Alabama",8.08204913099165,0.0265739892343801,50.8661697455836,8.26806705563232,0.0265739892343806,50.8661697455889,8.26806705563232,2021-01-17,362,8.1428113817218,0.0156889838467762,0.0156889838467771,0.0153823621890189,0.0153823621890194
1103,2021-01-10,355,"Morgan","Alabama",7.83048239567698,-0.0073538061912821,1419.82033820255,7.77900575233801,0,354,7.83048239567698,2021-01-17,362,7.71423114484909,0.00419574977534405,0.0135143533190509,0.00839676777538279,0.0150697131891778
1105,2021-01-10,355,"Perry","Alabama",4.98556165654414,-0.00487093023459981,1378.53378439504,4.95146514490194,0,354,4.98556165654414,2021-01-17,362,4.95482051498986,1.12585084269163e-05,0.000945017784060129,0.000677193064364323,0.00620428963294959
1107,2021-01-10,355,"Pickens","Alabama",5.89203876696997,-0.0160441711989608,722.238587391264,5.77972956857724,0,354,5.89203876696997,2021-01-17,362,5.78645907322908,4.52862328590207e-05,0.0111470717304211,0.0011629745526008,0.0182459933449381
1109,2021-01-10,355,"Pike","Alabama",6.06079069638505,0.0757754729569811,275.016458362116,6.59121900708392,0.0757754729569804,275.016458362115,6.59121900708392,2021-01-17,362,6.33909874639456,0.0635646258500697,0.063564625850067,0.0397722564004472,0.0397722564004463
1111,2021-01-10,355,"Randolph","Alabama",5.13074366638864,0.0239327662116295,140.618443726096,5.29827302987004,0.0239327662116278,140.618443726081,5.29827302987003,2021-01-17,362,5.20243559484476,0.00918481395222599,0.00918481395222378,0.0184216475683533,0.0184216475683511
1113,2021-01-10,355,"Russell","Alabama",6.13060517849702,0.024855770710375,108.352843090958,6.30459557346964,0.024855770710376,108.352843090969,6.30459557346965,2021-01-17,362,6.32640499890071,0.000475651037633292,0.000475651037632982,0.00344736472528349,0.00344736472528237
1115,2021-01-10,355,"St. Clair","Alabama",7.32674752898573,-0.00478043746763698,1887.65210110727,7.29328446671227,0,354,7.32674752898573,2021-01-17,362,7.24494154633701,0.00233703795040919,0.00669221879712324,0.00667264463986002,0.0112914620670865
1117,2021-01-10,355,"Shelby","Alabama",8.2451219664786,0.00616984012067392,-981.359096056772,8.28831084732332,0.00616984012067512,-981.359096056512,8.28831084732333,2021-01-17,362,8.22243854814689,0.00433915979878887,0.00433915979879004,0.00801128506959459,0.00801128506959567
1119,2021-01-10,355,"Sumter","Alabama",5.20557531484942,-0.0422003544903773,478.353829078294,4.91017283341678,0,354,5.20557531484942,2021-01-17,362,4.649870364906,0.0677573751128041,0.308807991391616,0.05598058614179,0.119509772603016
1121,2021-01-10,355,"Talladega","Alabama",7.01314436566038,0.025258470780838,77.344855058256,7.18995366112625,0.0252584707808383,77.3448550582594,7.18995366112625,2021-01-17,362,7.10730846714865,0.00683022808759404,0.00683022808759433,0.0116281985451448,0.0116281985451451
1123,2021-01-10,355,"Tallapoosa","Alabama",5.97489953023329,0.00875279110959269,-327.627913247586,6.03616906800043,0.00875279110959326,-327.627913247542,6.03616906800044,2021-01-17,362,5.89124950094636,0.0210016809151399,0.0210016809151409,0.0245991223136608,0.0245991223136614
1125,2021-01-10,355,"Tuscaloosa","Alabama",8.20860845828192,-0.00361116357248342,2628.12008817058,8.18333031327453,0,354,8.20860845828192,2021-01-17,362,8.09341862639223,0.0080841114380216,0.0132686973707747,0.0111092346797813,0.0142325310486301
1127,2021-01-10,355,"Walker","Alabama",6.92475285535071,0.0080378349971009,-506.519657699908,6.98101770033042,0.00803783499710242,-506.519657699745,6.98101770033043,2021-01-17,362,6.86126247386139,0.0143413142666482,0.0143413142666507,0.0174538180000031,0.0174538180000047
1129,2021-01-10,355,"Washington","Alabama",5.4362142166822,0.018844778774477,66.5267692054356,5.56812766810354,0.0188447787744774,66.5267692054428,5.56812766810354,2021-01-17,362,5.40909177204994,0.025292416233571,0.0252924162335722,0.0294015895377067,0.0294015895377073
1131,2021-01-10,355,"Wilcox","Alabama",4.92102313540657,0.0480092191863573,252.498371795954,5.25708766971107,0.0480092191863575,252.498371795954,5.25708766971107,2021-01-17,362,5.12651175148206,0.0170500704213502,0.0170500704213504,0.0254707147001594,0.0254707147001596
1133,2021-01-10,355,"Winston","Alabama",6.06610809010375,0.0190736918409546,36.9646589299113,6.19962393299043,0.019073691840954,36.9646589299018,6.19962393299043,2021-01-17,362,6.02690063506609,0.0298333376458603,0.0298333376458587,0.0286587266628207,0.02865872666282
2016,2021-01-10,355,"Aleutians West Census Area","Alaska",3.95398720452718,0.0110193952496107,-3.82070793920159,4.03112297127445,0.0110193952496096,-3.82070793923667,4.03112297127444,2021-01-17,362,4.18748789394134,0.0244499890406204,0.0244499890406229,0.0373409850075316,0.0373409850075335
2020,2021-01-10,355,"Anchorage","Alaska",7.92075780534228,-0.0340156708058025,587.856140058574,7.68264810970166,0,354,7.92075780534228,2021-01-17,362,7.76320350816269,0.00648917222121444,0.0248233565597553,0.0103765666295266,0.0202950105602578
2050,2021-01-10,355,"Bethel Census Area","Alaska",6.62482380928895,-0.00265051272171366,2854.44991963885,6.60627022023696,0,354,6.62482380928895,2021-01-17,362,6.64080910500953,0.00119293456133326,0.000255529679274398,0.00520100551399994,0.00240713073780747
2070,2021-01-10,355,"Dillingham Census Area","Alaska",3.19575340744735,0.11122563511022,326.267834035917,3.97433285321889,0.111225635110221,326.267834035918,3.9743328532189,2021-01-17,362,3.58747933967221,0.149655640943413,0.149655640943419,0.107834353014568,0.10783435301457
2090,2021-01-10,355,"Fairbanks North Star Borough","Alaska",6.63068338564237,-0.00751036200118031,1237.87134289936,6.57811085163411,0,354,6.63068338564237,2021-01-17,362,6.71572964672595,0.0189389327625304,0.00723286652429642,0.0204920094064438,0.0126637410314814
2110,2021-01-10,355,"Juneau City and Borough","Alaska",4.51711930786536,-0.0307243829310186,502.020668177683,4.30204862734823,0,354,4.51711930786536,2021-01-17,362,4.34008794545355,0.00144698972191801,0.0313401032773801,0.00876464223384501,0.0407898099385877
2122,2021-01-10,355,"Kenai Peninsula Borough","Alaska",5.90380360854956,-0.0546210844802307,463.086532238047,5.52145601718794,0,354,5.90380360854956,2021-01-17,362,5.59311690676868,0.00513528309550343,0.0965262266634766,0.0128123353713598,0.0555480435971015
2130,2021-01-10,355,"Ketchikan Gateway Borough","Alaska",3.27983652465789,0.0272496424473756,234.637447317267,3.47058402178952,0.0272496424473752,234.637447317265,3.47058402178952,2021-01-17,362,3.53472877428668,0.00411454927292196,0.0041145492729223,0.018147008326008,0.0181470083260087
2150,2021-01-10,355,"Kodiak Island Borough","Alaska",5.28320372873799,-0.0706834889648628,429.744523878332,4.78841930598395,0,354,5.28320372873799,2021-01-17,362,4.94875989037817,0.0257091030038799,0.111852681016849,0.0324001543711928,0.067581342754187
2158,2021-01-10,355,"Kusilvak Census Area","Alaska",5.53282467651256,-0.013468217050866,765.806022476212,5.4385471571565,0,354,5.53282467651256,2021-01-17,362,5.57215403217776,0.0178507970529478,0.00154679821704,0.0239775990128268,0.00705819606530717
2170,2021-01-10,355,"Matanuska-Susitna Borough","Alaska",7.00046467708641,-0.0121652852704508,930.445994192211,6.91530768019325,0,354,7.00046467708641,2021-01-17,362,6.951225193238,0.00129006774331974,0.00242452676965742,0.00516707660107014,0.0070835690802112
2180,2021-01-10,355,"Nome Census Area","Alaska",3.09751496786393,-0.062520356981342,404.544102391935,2.65987246899454,0,354,3.09751496786393,2021-01-17,362,3.18988828799495,0.280916768390677,0.00853283027202745,0.166154978215103,0.0289581677448272
2185,2021-01-10,355,"North Slope Borough","Alaska",4.91055183553927,-0.0612436252407136,435.18061988066,4.48184645885428,0,354,4.91055183553927,2021-01-17,362,5.02575845567047,0.29584026028058,0.0132725653220545,0.108224858320142,0.0229232306222783
2188,2021-01-10,355,"Northwest Arctic Borough","Alaska",4.02535169073515,0.206070737005617,335.466165408893,5.46784684977447,0.206070737005618,335.466165408894,5.46784684977447,2021-01-17,362,4.69918082045033,0.59084746463693,0.590847464636944,0.163574473656979,0.163574473656981
2220,2021-01-10,355,"Sitka City and Borough","Alaska",3.23023958351852,-0.0813456394539573,394.710052133119,2.66082010734081,0,354,3.23023958351852,2021-01-17,362,3.12926366617852,0.21943936781653,0.0101961358826547,0.149697695307909,0.0322682675900282
2261,2021-01-10,355,"Valdez-Cordova Census Area","Alaska",4.14539973302238,0.0159638509890145,95.3258314127946,4.25714668994549,0.0159638509890145,95.3258314127948,4.25714668994549,2021-01-17,362,4.2257904483556,0.000983213886643215,0.000983213886643215,0.00742020740808065,0.00742020740808065
2290,2021-01-10,355,"Yukon-Koyukuk Census Area","Alaska",3.35240721749272,0.0565703514883956,295.739148170568,3.74839967791149,0.0565703514883955,295.739148170567,3.74839967791149,2021-01-17,362,3.68887945411394,0.00354265704091137,0.00354265704091126,0.0161350416943496,0.0161350416943493
4001,2021-01-10,355,"Apache","Arizona",7.23242342678578,0.0109007048761908,-308.482179265558,7.30872836091912,0.0109007048761907,-308.482179265568,7.30872836091912,2021-01-17,362,7.26062298457792,0.0023141272329287,0.00231412723292862,0.0066255163562936,0.00662551635629348
4003,2021-01-10,355,"Cochise","Arizona",7.94383338568856,0.00253781478202252,-2775.18642730014,7.96159808916271,0.00253781478202431,-2775.18642729794,7.96159808916273,2021-01-17,362,7.93307977188041,0.000813294420613882,0.000813294420614591,0.00359486077316216,0.00359486077316373
4005,2021-01-10,355,"Coconino","Arizona",7.90922714253977,0.0135783356811184,-227.488703202271,8.0042754923076,0.0135783356811174,-227.488703202311,8.00427549230759,2021-01-17,362,8.04178067476289,0.00140663871100495,0.00140663871100548,0.00466379076626591,0.00466379076626679
4007,2021-01-10,355,"Gila","Arizona",6.98696247287606,0.000924275499879787,-7204.39378874026,6.99343240137522,0.000924275499878391,-7204.39378875168,6.99343240137521,2021-01-17,362,7.00656581887827,0.000172486655309437,0.000172486655309693,0.00187444432016386,0.00187444432016526
4009,2021-01-10,355,"Graham","Arizona",6.95286521000576,0.0570379304604882,233.101025863443,7.35213072322918,0.0570379304604884,233.101025863444,7.35213072322918,2021-01-17,362,7.16714810011432,0.034218570854454,0.0342185708544546,0.0258097949883174,0.0258097949883176
4011,2021-01-10,355,"Greenlee","Arizona",4.60802325497049,0.0201445660924636,126.252295342592,4.74903521761774,0.0201445660924637,126.252295342594,4.74903521761774,2021-01-17,362,4.68080760019371,0.00465500777935937,0.00465500777935949,0.0145760354305533,0.0145760354305535
4012,2021-01-10,355,"La Paz","Arizona",6.43362887706213,0.0383672789466804,187.314694873122,6.70219982968889,0.0383672789466791,187.314694873117,6.70219982968888,2021-01-17,362,6.55434032163061,0.0218624341232364,0.0218624341232338,0.0225590220834756,0.0225590220834742
4013,2021-01-10,355,"Maricopa","Arizona",11.4867178839659,0.019434045017525,-236.061607277721,11.6227561990886,0.0194340450175243,-236.061607277742,11.6227561990886,2021-01-17,362,11.6300644837685,5.34110249617498e-05,5.34110249618277e-05,0.000628395886372872,0.000628395886373331
4015,2021-01-10,355,"Mohave","Arizona",8.59320139779709,0.00856319888419226,-648.503657220927,8.65314378998644,0.00856319888419321,-648.503657220815,8.65314378998645,2021-01-17,362,8.61734875621704,0.00128128444255236,0.00128128444255287,0.00415383371174036,0.00415383371174118
4017,2021-01-10,355,"Navajo","Arizona",7.70429675774636,0.0052310494175525,-1117.80137172763,7.74091410366923,0.00523104941755292,-1117.80137172751,7.74091410366924,2021-01-17,362,7.76986132236955,0.000837941470484241,0.000837941470484086,0.00372557726570769,0.00372557726570734
4019,2021-01-10,355,"Pima","Arizona",10.0449747139393,0.00556487923426756,-1450.06607440537,10.0839288685792,0.00556487923426729,-1450.06607440545,10.0839288685792,2021-01-17,362,10.0932102248104,8.61435734910403e-05,8.61435734910733e-05,0.000919564343207462,0.000919564343207638
4021,2021-01-10,355,"Pinal","Arizona",9.09263411908621,0.0271874056746136,20.5571249456691,9.28294595880851,0.0271874056746118,20.5571249456459,9.2829459588085,2021-01-17,362,9.27007720486664,0.000165604828016393,0.000165604828016073,0.00138820353460638,0.00138820353460504
4023,2021-01-10,355,"Santa Cruz","Arizona",7.20595329316189,-0.00433748365832496,2016.32113935034,7.17559090755362,0,354,7.20595329316189,2021-01-17,362,7.19132175110023,0.000247459438687947,0.000214082023102232,0.00218747597327349,0.00203461096138899
4025,2021-01-10,355,"Yavapai","Arizona",8.37566254294508,0.00233972194854847,-3224.76833449856,8.39204059658492,0.00233972194854815,-3224.76833449906,8.39204059658492,2021-01-17,362,8.38666137718761,2.89360013243831e-05,2.8936001324364e-05,0.000641401763512319,0.000641401763512107
4027,2021-01-10,355,"Yuma","Arizona",8.76750711936356,-0.00251047086518031,3847.37557024341,8.7499338233073,0,354,8.76750711936356,2021-01-17,362,8.79363374264436,0.00190968295006601,0.000682600444056977,0.00496949504789406,0.00297108385969075
5001,2021-01-10,355,"Arkansas","Arkansas",5.63427926888923,0.0175081712226564,33.1914457405913,5.75683646744782,0.0175081712226559,33.191445740583,5.75683646744782,2021-01-17,362,5.67968492307714,0.00595236079878125,0.00595236079878071,0.0135837718844591,0.0135837718844585
5003,2021-01-10,355,"Ashley","Arkansas",5.5557243088281,-0.00385781685400958,1795.12132225868,5.52871959085003,0,354,5.5557243088281,2021-01-17,362,5.54573532454982,0.000289535193341974,9.97798069117802e-05,0.00306825564221559,0.00180120104795907
5005,2021-01-10,355,"Baxter","Arkansas",6.30731749652646,0.00234650088112743,-2332.96723975486,6.32374300269435,0.0023465008811252,-2332.96723975742,6.32374300269434,2021-01-17,362,6.26285389676435,0.00370748322095447,0.00370748322095253,0.00972226191664082,0.00972226191663826
5007,2021-01-10,355,"Benton","Arkansas",8.55233968211936,0.039498805441989,138.478523301673,8.82883132021328,0.0394988054419851,138.478523301652,8.82883132021325,2021-01-17,362,8.72706042978297,0.0103573141389784,0.0103573141389729,0.0116615315373543,0.0116615315373513
5009,2021-01-10,355,"Boone","Arkansas",6.24914754183976,0.00803662355157701,-422.58370810009,6.3054039067008,0.00803662355157453,-422.58370810033,6.30540390670079,2021-01-17,362,6.270177949577,0.00124086805528788,0.00124086805528663,0.00561801553434023,0.0056180155343374
5011,2021-01-10,355,"Bradley","Arkansas",5.70235288184661,-0.00949224023294135,955.738365434271,5.63590720021602,0,354,5.70235288184661,2021-01-17,362,5.61104042295758,0.000618356611220609,0.00833796514835969,0.00443175870854402,0.0162737125391966
5013,2021-01-10,355,"Calhoun","Arkansas",4.28457129852317,0.00790517950711254,-186.995446740735,4.33990755507296,0.00790517950711322,-186.995446740689,4.33990755507296,2021-01-17,362,4.27864828022005,0.00375269875550447,0.00375269875550502,0.0143174364520938,0.0143174364520948
5015,2021-01-10,355,"Carroll","Arkansas",5.97089734188229,-0.00145719515766833,4452.52757580967,5.96069697577861,0,354,5.97089734188229,2021-01-17,362,5.98141421125448,0.000429203845762582,0.000110604541391712,0.0034636015403995,0.00175825799731474
5017,2021-01-10,355,"Chicot","Arkansas",4.82487927485367,-0.00457666702740632,1409.23428140194,4.79284260566183,0,354,4.82487927485367,2021-01-17,362,4.7779222917659,0.000222615766753074,0.00220495826070546,0.00312276194228669,0.00982790849669063
5019,2021-01-10,355,"Clark","Arkansas",5.86525323596997,-0.0124825458096721,824.876363796342,5.77787541530226,0,354,5.86525323596997,2021-01-17,362,5.84726419813389,0.00481480318285495,0.000323605482267761,0.0118668800451626,0.0030764879482984
5021,2021-01-10,355,"Clay","Arkansas",5.43372200355424,-0.000623635816904718,9067.97295034039,5.42935655283591,0,354,5.43372200355424,2021-01-17,362,5.38515015616332,0.00195420550677428,0.002359224358967,0.00820894411309862,0.00901959016599216
5023,2021-01-10,355,"Cleburne","Arkansas",6.16150866266466,0.0154853557400828,-42.8926132588607,6.26990615284524,0.0154853557400809,-42.8926132589101,6.26990615284523,2021-01-17,362,6.18267505131918,0.00760926507344957,0.00760926507344724,0.0141089578219781,0.014108957821976
5025,2021-01-10,355,"Cleveland","Arkansas",4.81681935787657,0.00347423626819104,-1031.43977727646,4.84113901175391,0.00347423626819054,-1031.43977727665,4.8411390117539,2021-01-17,362,4.90633241999656,0.00425018047829378,0.00425018047829424,0.0132876052134076,0.0132876052134084
5027,2021-01-10,355,"Columbia","Arkansas",5.7037824746562,0.0105314520523393,-186.59506650265,5.77750263902258,0.0105314520523407,-186.595066502579,5.77750263902259,2021-01-17,362,5.70521002664738,0.00522622180402969,0.0052262218040311,0.0126713323501735,0.0126713323501753
5029,2021-01-10,355,"Conway","Arkansas",6.33327962813969,0.0207673147361287,50.0361802375081,6.47865083129259,0.020767314736128,50.0361802374984,6.47865083129259,2021-01-17,362,6.35858474890825,0.0144158641391229,0.0144158641391218,0.0188825166488429,0.0188825166488422
5031,2021-01-10,355,"Craighead","Arkansas",7.60347058764779,-0.00135274663752119,5975.76472914442,7.59400136118515,0,354,7.60347058764779,2021-01-17,362,7.5726499465902,0.000455882905205427,0.000949911915201266,0.00281954332308252,0.00406999415990111
5033,2021-01-10,355,"Crawford","Arkansas",7.00358480442265,0.0232431184434363,53.6813614762433,7.1662866335267,0.0232431184434345,53.68136147622,7.16628663352669,2021-01-17,362,7.16593497617177,1.23662895278106e-07,1.23662895269361e-07,4.90734783530428e-05,4.90734783513076e-05
5035,2021-01-10,355,"Crittenden","Arkansas",6.63650882727863,0.00979107802960648,-322.811861698069,6.70504637348588,0.00979107802960577,-322.811861698118,6.70504637348587,2021-01-17,362,6.75193654205418,0.0021986879083641,0.0021986879083646,0.00694469923943327,0.00694469923943406
5037,2021-01-10,355,"Cross","Arkansas",6.02310163205116,0.00381349049430459,-1224.41960024461,6.0497960655113,0.00381349049430302,-1224.41960024526,6.04979606551129,2021-01-17,362,5.96578037165303,0.00705863681448676,0.00705863681448496,0.0140829344401413,0.0140829344401395
5039,2021-01-10,355,"Dallas","Arkansas",4.81566261974874,0.012813221312372,-20.8354360974703,4.90535516893534,0.0128132213123724,-20.8354360974594,4.90535516893535,2021-01-17,362,4.90527477843843,6.46263199400775e-09,6.46263199443616e-09,1.6388581790956e-05,1.63885817914992e-05
5041,2021-01-10,355,"Desha","Arkansas",5.40138955168785,-0.0185131364663098,646.759830189622,5.27179759642368,0,354,5.40138955168785,2021-01-17,362,5.23187226713988,0.00159403191841989,0.0287361097605171,0.00763117431871602,0.0324008836401963
5043,2021-01-10,355,"Drew","Arkansas",5.87533193446824,-0.0198576818985633,650.871993744312,5.7363281611783,0,354,5.87533193446824,2021-01-17,362,5.72218356002709,0.000200069741726751,0.0234544245939669,0.00247188874715877,0.0267639744224538
5045,2021-01-10,355,"Faulkner","Arkansas",7.75393005997211,0.0211225295500878,-12.092873113764,7.90178776682272,0.0211225295500883,-12.0928731137551,7.90178776682273,2021-01-17,362,7.81647456250282,0.0072783428313305,0.0072783428313311,0.0109145374475052,0.0109145374475056
5047,2021-01-10,355,"Franklin","Arkansas",5.45226394391515,0.0367986639931149,206.835274646512,5.70985459186695,0.0367986639931148,206.835274646512,5.70985459186695,2021-01-17,362,5.6534911843605,0.00317683370573855,0.00317683370573855,0.00996966399494425,0.00996966399494425
5049,2021-01-10,355,"Fulton","Arkansas",5.57052315386032,-0.0300129708303955,540.603857256903,5.36043235804755,0,354,5.57052315386032,2021-01-17,362,5.27884325671266,0.00665678145663581,0.0850771624000718,0.0154558673874519,0.0552545099301366
5051,2021-01-10,355,"Garland","Arkansas",7.43425738213314,0.0391498355706532,165.107570727427,7.70830623112771,0.0391498355706501,165.107570727412,7.70830623112769,2021-01-17,362,7.61944378753294,0.00789653388163424,0.00789653388163029,0.0116625893008321,0.0116625893008292
5053,2021-01-10,355,"Grant","Arkansas",5.90536184805457,-0.0108402145528651,899.764295877685,5.82948034618452,0,354,5.90536184805457,2021-01-17,362,5.76474317444589,0.00419090140471636,0.0197736113674649,0.0112298449002194,0.0243928774194174
5055,2021-01-10,355,"Greene","Arkansas",6.72948265703447,0.0106420503159322,-277.348321728921,6.80397700924599,0.0106420503159308,-277.348321729005,6.80397700924599,2021-01-17,362,6.72760279661588,0.00583302035487039,0.0058330203548689,0.0113523665024539,0.0113523665024525
5057,2021-01-10,355,"Hempstead","Arkansas",5.59524230608099,0.010136123058394,-197.010100296426,5.66619516748975,0.010136123058393,-197.010100296484,5.66619516748974,2021-01-17,362,5.605802066296,0.00364732667179903,0.00364732667179817,0.010773320299134,0.0107733202991328
5059,2021-01-10,355,"Hot Spring","Arkansas",6.38133245840248,0.0102091309653908,-270.061278970304,6.45279637516021,0.0102091309653893,-270.061278970391,6.4527963751602,2021-01-17,362,6.40262767633078,0.00251689834223815,0.00251689834223717,0.00783564207784477,0.00783564207784325
5061,2021-01-10,355,"Howard","Arkansas",5.28898827125952,-0.0157370915838494,691.084227703642,5.17882863017257,0,354,5.28898827125952,2021-01-17,362,5.18738580584075,7.322525541614e-05,0.0103230609791709,0.00164961234588486,0.0195864485931166
5063,2021-01-10,355,"Independence","Arkansas",6.38012253689976,0.0215377879915148,58.7707614443355,6.53088705284037,0.0215377879915124,58.7707614443025,6.53088705284035,2021-01-17,362,6.42741267194122,0.0107069475024614,0.0107069475024579,0.0160989166528643,0.0160989166528616
5065,2021-01-10,355,"Izard","Arkansas",5.71278940921299,0.00520464860704859,-742.632105551993,5.74922194946233,0.00520464860704806,-742.632105552105,5.74922194946232,2021-01-17,362,5.6301871915678,0.0141692735870088,0.014169273587008,0.0211422380543232,0.0211422380543225
5067,2021-01-10,355,"Jackson","Arkansas",5.95990016360362,-0.0566053674621355,460.288604788058,5.56366259136867,0,354,5.95990016360362,2021-01-17,362,5.52829465744081,0.00125089075032537,0.186283312950053,0.00639762098792166,0.0780720878511581
5069,2021-01-10,355,"Jefferson","Arkansas",7.05123700245982,-0.0219116422955744,676.803218003608,6.8978555063908,0,354,7.05123700245982,2021-01-17,362,6.86559310110293,0.00104086279495919,0.0344636581110094,0.00469914322226489,0.0270397471308159
5071,2021-01-10,355,"Johnson","Arkansas",6.25355404855685,0.0222293121019702,73.6798214955746,6.40915923327064,0.0222293121019685,73.6798214955534,6.40915923327063,2021-01-17,362,6.32410291321847,0.00723457758081633,0.00723457758081436,0.0134495471087895,0.0134495471087877
5073,2021-01-10,355,"Lafayette","Arkansas",4.16111273868694,-0.00222469502211038,2225.41940460659,4.14553987353217,0,354,4.16111273868694,2021-01-17,362,4.20682254564879,0.00375556590175342,0.00208938645248957,0.0145674488171621,0.0108656370611897
5075,2021-01-10,355,"Lawrence","Arkansas",5.77099598624308,0.0129959256820771,-89.0619412130018,5.86196746601762,0.0129959256820769,-89.0619412130111,5.86196746601761,2021-01-17,362,5.75438505436481,0.0115739752970347,0.0115739752970344,0.0186957269345761,0.0186957269345758
5077,2021-01-10,355,"Lee","Arkansas",5.01727983681492,0.013333530869466,-21.2904129396508,5.11061455290119,0.0133335308694651,-21.290412939675,5.11061455290118,2021-01-17,362,5.00968245934098,0.0101872875104453,0.010187287510444,0.0201474034291345,0.0201474034291333
5079,2021-01-10,355,"Lincoln","Arkansas",5.21726224179133,-0.00617762582396076,1199.54163953334,5.1740188610236,0,354,5.21726224179133,2021-01-17,362,5.1273595684044,0.00217708958772438,0.00808249068211664,0.00910006251691896,0.0175339123748844
5081,2021-01-10,355,"Little River","Arkansas",5.11542421785513,0.0251858731599076,151.893116018778,5.29172532997448,0.0251858731599066,151.89311601877,5.29172532997447,2021-01-17,362,5.18338739987406,0.011737107098444,0.0117371070984424,0.0209009903645354,0.0209009903645341
5083,2021-01-10,355,"Logan","Arkansas",5.93602734021676,0.023296833651278,100.2002521428,6.0991051757757,0.0232968336512771,100.200252142791,6.0991051757757,2021-01-17,362,6.08417394521225,0.000222941646138954,0.000222941646138768,0.00245410974405184,0.00245410974405082
5085,2021-01-10,355,"Lonoke","Arkansas",7.13489085156588,0.0216324164467518,25.1759662805861,7.28631776669315,0.0216324164467512,25.175966280576,7.28631776669314,2021-01-17,362,7.19164445319521,0.00896303628867802,0.00896303628867718,0.0131643484482705,0.0131643484482699
5087,2021-01-10,355,"Madison","Arkansas",5.52031740716017,-0.00228571528085403,2770.13781414524,5.50431740019419,0,354,5.52031740716017,2021-01-17,362,5.46564613875585,0.00149546646123266,0.0029889475889373,0.0070753320754032,0.0100027091063685
5089,2021-01-10,355,"Marion","Arkansas",5.12905304891073,0.0318032819777025,193.72566823428,5.35167602275465,0.0318032819777017,193.725668234276,5.35167602275464,2021-01-17,362,5.25972502735505,0.00845498555497723,0.00845498555497625,0.017482091729392,0.017482091729391
5091,2021-01-10,355,"Miller","Arkansas",6.23272863953539,0.0121384694356475,-158.46907223999,6.31769792558492,0.012138469435647,-158.46907224001,6.31769792558492,2021-01-17,362,6.23776643356534,0.00638904341647532,0.00638904341647475,0.0128141207066466,0.012814120706646
5093,2021-01-10,355,"Mississippi","Arkansas",6.55495038774003,0.00285016479587556,-1944.8496077229,6.57490154131116,0.00285016479587608,-1944.84960772248,6.57490154131116,2021-01-17,362,6.50962038196882,0.00426162976507974,0.00426162976508021,0.0100284126434104,0.0100284126434109
5095,2021-01-10,355,"Monroe","Arkansas",4.99817705917421,0.0126154026300745,-41.1963962417511,5.08648487758473,0.0126154026300753,-41.1963962417243,5.08648487758474,2021-01-17,362,5.05987887019819,0.000707879629052737,0.000707879629053068,0.00525823010176132,0.00525823010176255
5097,2021-01-10,355,"Montgomery","Arkansas",4.88171908544754,0.0241239768945143,152.640368054007,5.05058692370914,0.0241239768945132,152.640368053998,5.05058692370913,2021-01-17,362,5.04158009794568,8.11229103333531e-05,8.11229103332091e-05,0.00178650851290283,0.00178650851290125
5099,2021-01-10,355,"Nevada","Arkansas",4.48380932898382,-0.0175863845020752,609.959132074858,4.3607046374693,0,354,4.48380932898382,2021-01-17,362,4.19827548507033,0.0263832295490462,0.0815295760200139,0.0386894935733937,0.0680121742674796
5101,2021-01-10,355,"Newton","Arkansas",4.36763789722178,0.0238324753680988,171.73586860943,4.53446522479847,0.0238324753680983,171.735868609426,4.53446522479847,2021-01-17,362,4.23410650459726,0.0902153608009114,0.0902153608009092,0.070937922764837,0.0709379227648362
5103,2021-01-10,355,"Ouachita","Arkansas",6.0168537811128,0.0165002865875741,-9.65147130498543,6.13235578722582,0.0165002865875712,-9.65147130504895,6.1323557872258,2021-01-17,362,6.09001622083648,0.00179263888203756,0.00179263888203583,0.00695229123437823,0.00695229123437487
5105,2021-01-10,355,"Perry","Arkansas",5.22651442806953,0.0248653059353891,144.80695264115,5.40057156961725,0.0248653059353874,144.806952641136,5.40057156961724,2021-01-17,362,5.30756023362922,0.00865110862227986,0.00865110862227771,0.0175243109628243,0.0175243109628222
5107,2021-01-10,355,"Phillips","Arkansas",5.49658257373913,0.00293341366112276,-1518.78365574098,5.51711646936699,0.00293341366112276,-1518.78365574097,5.51711646936699,2021-01-17,362,5.49070711617891,0.000697453935812553,0.000697453935812553,0.00480982733722192,0.00480982733722192
5109,2021-01-10,355,"Pike","Arkansas",5.4236905714711,0.00126103421503056,-3945.98605321322,5.43251781097631,0.00126103421503121,-3945.98605321099,5.43251781097632,2021-01-17,362,5.34301754546594,0.0080102975264263,0.00801029752642709,0.0167508836998518,0.0167508836998526
5111,2021-01-10,355,"Poinsett","Arkansas",6.22257626807137,-0.00113314459717085,5846.42296897276,6.21464425589117,0,354,6.22257626807137,2021-01-17,362,6.12029741895095,0.00890132564062497,0.0104609629773973,0.0154154006712298,0.0167114181091463
5113,2021-01-10,355,"Polk","Arkansas",5.75211902121749,0.0206287397580003,76.1599405151894,5.89652019952349,0.0206287397579992,76.1599405151736,5.89652019952349,2021-01-17,362,5.86037914021172,0.00130617616817716,0.00130617616817658,0.00616701726067304,0.00616701726067168
5115,2021-01-10,355,"Pope","Arkansas",7.2988316496382,0.0078568714952201,-573.974293913119,7.35382975010474,0.00785687149522118,-573.974293912991,7.35382975010475,2021-01-17,362,7.29136422416095,0.00390194193143445,0.00390194193143545,0.00856705604375145,0.00856705604375254
5117,2021-01-10,355,"Prairie","Arkansas",5.05897184065754,0.0036363676433806,-1036.21572315895,5.08442641416121,0.00363636764338082,-1036.21572315886,5.08442641416121,2021-01-17,362,4.98556165654414,0.00977424029868205,0.0097742402986824,0.0198302146132921,0.0198302146132924
5119,2021-01-10,355,"Pulaski","Arkansas",8.795863349707,0.0133432538113369,-304.199283328757,8.88926612638636,0.0133432538113354,-304.199283328832,8.88926612638635,2021-01-17,362,8.8524197545491,0.00135765511756951,0.00135765511756873,0.00416229379750365,0.00416229379750244
5121,2021-01-10,355,"Randolph","Arkansas",5.80427401320252,0.018692133012153,44.4803814295142,5.9351189442876,0.0186921330121521,44.4803814295,5.93511894428759,2021-01-17,362,5.86565834028987,0.00482477550772927,0.0048247755077284,0.0118419109958416,0.0118419109958405
5123,2021-01-10,355,"St. Francis","Arkansas",6.09001622083648,-0.00741580054981796,1176.22168468864,6.03810561698775,0,354,6.09001622083648,2021-01-17,362,6.15788656392648,0.0143474752495383,0.00460638347115456,0.0194516325845326,0.0110216942753693
5125,2021-01-10,355,"Saline","Arkansas",7.59847093435067,0.0195219850244583,-34.2263478755295,7.73512482952188,0.0195219850244577,-34.2263478755411,7.73512482952187,2021-01-17,362,7.69478304653681,0.00162745945441408,0.00162745945441372,0.00524274469352603,0.00524274469352546
5127,2021-01-10,355,"Scott","Arkansas",5.25227342804663,0.0529874421047734,255.877015016857,5.62318552278004,0.0529874421047731,255.877015016856,5.62318552278004,2021-01-17,362,5.51745289646471,0.0111793882675385,0.0111793882675381,0.0191633038467957,0.0191633038467954
5129,2021-01-10,355,"Searcy","Arkansas",4.68213122712422,-0.00527705710084639,1242.26180855107,4.6451918274183,0,354,4.68213122712422,2021-01-17,362,4.59078144853599,0.00296048933011578,0.00834478204811824,0.0118520952243664,0.0198985248181133
5131,2021-01-10,355,"Sebastian","Arkansas",7.74531197031379,0.0472179849260792,190.966910014495,8.07583786479634,0.0472179849260757,190.966910014482,8.07583786479632,2021-01-17,362,8.04471793879581,0.000968449794278459,0.000968449794276911,0.00386836757202555,0.00386836757202246
5133,2021-01-10,355,"Sevier","Arkansas",5.48716519984327,-0.012342207803108,799.585384347644,5.40076974522151,0,354,5.48716519984327,2021-01-17,362,5.47526737954008,0.00554989751906314,0.000141558127966939,0.0136062093692356,0.00217301174142601
5135,2021-01-10,355,"Sharp","Arkansas",5.8158348356036,0.00255754615111631,-1918.99018119971,5.83373765866142,0.00255754615111758,-1918.99018119858,5.83373765866142,2021-01-17,362,5.80771339750443,0.000677262168766795,0.000677262168767257,0.00448098233775869,0.00448098233776022
5137,2021-01-10,355,"Stone","Arkansas",5.20086203039732,-0.019493794681005,621.795773501457,5.06440546763029,0,354,5.20086203039732,2021-01-17,362,5.00202691955966,0.00389108325939974,0.0395354013018259,0.0124706542115371,0.0397509077890303
5139,2021-01-10,355,"Union","Arkansas",6.63350638554106,0.00263455176847475,-2162.88803883761,6.65194824792038,0.00263455176847405,-2162.88803883829,6.65194824792037,2021-01-17,362,6.59753541350499,0.00296075654911668,0.0029607565491161,0.00824744863119773,0.00824744863119692
5141,2021-01-10,355,"Van Buren","Arkansas",5.48716519984327,-0.00707133176410589,1130.9733785503,5.43766587749453,0,354,5.48716519984327,2021-01-17,362,5.45654137176293,0.000356284283876467,0.000937818846294202,0.00345924148327374,0.00561231483349783
5143,2021-01-10,355,"Washington","Arkansas",8.45904941831969,0.0201266963953932,-65.2900094550985,8.59993629308744,0.0201266963953923,-65.2900094551159,8.59993629308744,2021-01-17,362,8.5387589693308,0.00374266494202518,0.00374266494202453,0.00716466221571285,0.00716466221571222
5145,2021-01-10,355,"White","Arkansas",7.39035777951866,0.00619087499545786,-838.750121742216,7.43369390448686,0.00619087499545756,-838.750121742273,7.43369390448686,2021-01-17,362,7.3567358937049,0.0059225354235169,0.00592253542351663,0.0104608907936761,0.0104608907936759
5147,2021-01-10,355,"Woodruff","Arkansas",4.96583715119636,0.0120241929667968,-57.9871472379785,5.05000650196394,0.0120241929667966,-57.9871472379847,5.05000650196393,2021-01-17,362,5.05897184065754,8.03772978911236e-05,8.03772978911395e-05,0.00177216615865641,0.00177216615865659
5149,2021-01-10,355,"Yell","Arkansas",6.38784085789827,0.00457556487617775,-1041.07699393707,6.41986981203151,0.00457556487617783,-1041.07699393704,6.41986981203151,2021-01-17,362,6.34362933556883,0.00581261025125678,0.00581261025125691,0.0120184317887555,0.0120184317887556
6001,2021-01-10,355,"Alameda","California",9.77146522478187,-0.00250734832879302,4252.13112955695,9.75391378648032,0,354,9.77146522478187,2021-01-17,362,9.80384873195513,0.00249349877957242,0.00104869153684065,0.00509340227905102,0.00330314227184153
6005,2021-01-10,355,"Amador","California",7.01852968448405,-0.0308491570199568,582.511230856118,6.80258558534435,0,354,7.01852968448405,2021-01-17,362,6.8808244491656,0.00612131981204009,0.0189627318341091,0.01137056531514,0.0200128976310603
6007,2021-01-10,355,"Butte","California",7.88355404313203,-0.0087378936501594,1257.2259092142,7.82238878758091,0,354,7.88355404313203,2021-01-17,362,7.8182578632314,1.70645359813509e-05,0.00426359110961456,0.000528368905422589,0.00835175572907433
6009,2021-01-10,355,"Calaveras","California",6.30078579466324,0.00578340202965807,-734.460107105119,6.34126960887085,0.00578340202965766,-734.460107105197,6.34126960887085,2021-01-17,362,6.25684623260032,0.00712730646091481,0.00712730646091436,0.0134929600524065,0.013492960052406
6011,2021-01-10,355,"Colusa","California",6.17378610390194,0.0207495040139096,57.4610275135588,6.3190326319993,0.0207495040139101,57.4610275135662,6.31903263199931,2021-01-17,362,6.19002262294958,0.0166435824350105,0.0166435824350114,0.0208416054202161,0.0208416054202167
6013,2021-01-10,355,"Contra Costa","California",9.45513358326682,0.000783173009379251,-11717.8542353126,9.46061579433248,0.000783173009375915,-11717.8542353641,9.46061579433245,2021-01-17,362,9.51292865001115,0.00273663486925752,0.00273663486925994,0.00549913255983585,0.00549913255983828
6015,2021-01-10,355,"Del Norte","California",5.43745799793707,-0.0497072019062031,464.389742118204,5.08950758459365,0,354,5.43745799793707,2021-01-17,362,5.12140969959817,0.00101774494176135,0.0998865268829181,0.00622916674817461,0.0617111922062599
6017,2021-01-10,355,"El Dorado","California",7.7481518289948,0.000986862474463779,-7496.29846304555,7.75505986631605,0.000986862474464445,-7496.29846304025,7.75505986631605,2021-01-17,362,7.7636892103154,7.4465577859116e-05,7.44655778590393e-05,0.00111150044335679,0.00111150044335622
6019,2021-01-10,355,"Fresno","California",10.1033917205249,-0.0202406057688566,854.164493192718,9.96170748014292,0,354,10.1033917205249,2021-01-17,362,9.85205891064365,0.0120228087932345,0.0631681813228089,0.0111295081052351,0.0255106888987166
6021,2021-01-10,355,"Glenn","California",6.42417417732271,0.0668272055250889,258.86887904641,6.89196461599833,0.0668272055250849,258.868879046405,6.89196461599831,2021-01-17,362,6.70231130476733,0.0359683784608852,0.0359683784608748,0.0282967028249057,0.0282967028249016
6023,2021-01-10,355,"Humboldt","California",6.47344968201216,0.0133216890174006,-130.933103043965,6.56670150513397,0.0133216890174008,-130.933103043955,6.56670150513397,2021-01-17,362,6.54555489378819,0.000447179171409176,0.000447179171409251,0.00323068275935496,0.00323068275935523
6025,2021-01-10,355,"Imperial","California",8.20107245104292,-0.025921216082785,671.384556374632,8.01962393846343,0,354,8.20107245104292,2021-01-17,362,8.16747359470939,0.0218595208520505,0.00112888314692106,0.0181022509018871,0.00411373920514323
6027,2021-01-10,355,"Inyo","California",5.48242304513549,0.0258816733725615,143.173547891703,5.66359475874342,0.0258816733725613,143.173547891701,5.66359475874342,2021-01-17,362,5.6469601387895,0.000276710581011295,0.000276710581011236,0.00294576542866904,0.00294576542866872
6029,2021-01-10,355,"Kern","California",9.95124316813925,0.00363620639218956,-2381.71021246598,9.97669661288457,0.00363620639218887,-2381.7102124665,9.97669661288457,2021-01-17,362,9.97162005401093,2.57714499976198e-05,2.57714499975657e-05,0.000509100712437051,0.000509100712436517
6031,2021-01-10,355,"Kings","California",8.10746185301811,-0.00925377180100073,1231.12511172378,8.0426854504111,0,354,8.10746185301811,2021-01-17,362,8.13283238406805,0.00812646964775019,0.000643663845756089,0.0110843220909782,0.00311951972594964
6033,2021-01-10,355,"Lake","California",6.57627058387196,0.0053876215323784,-865.625937503229,6.61398393459861,0.00538762153237915,-865.625937503058,6.61398393459862,2021-01-17,362,6.64062252043954,0.000709614255604344,0.00070961425560406,0.0040114591303651,0.0040114591303643
6035,2021-01-10,355,"Lassen","California",7.17669130861286,-0.0482701703976396,503.677563171888,6.83880011582939,0,354,7.17669130861286,2021-01-17,362,6.8489147789592,0.000102306410229671,0.107437453391797,0.00147682712608575,0.0478581702696367
6037,2021-01-10,355,"Los Angeles","California",12.6366028868459,0.00189097834960172,-6327.57407045799,12.6498397352931,0.00189097834960172,-6327.57407045798,12.6498397352931,2021-01-17,362,12.6532329667922,1.15140200064233e-05,1.15140200064233e-05,0.000268171107573563,0.000268171107573563
6039,2021-01-10,355,"Madera","California",8.10076824307173,0.00273348689566145,-2608.52920364431,8.11990265134136,0.002733486895659,-2608.52920364697,8.11990265134134,2021-01-17,362,8.1278685508908,6.3455555631709e-05,6.3455555631992e-05,0.000980072389158315,0.0009800723891605
6041,2021-01-10,355,"Marin","California",7.47647238116391,0.0161464814219592,-108.040348282686,7.58949775111762,0.016146481421961,-108.040348282636,7.58949775111763,2021-01-17,362,7.57036961164348,0.000365885719742121,0.000365885719742596,0.00252671143621831,0.00252671143621995
6043,2021-01-10,355,"Mariposa","California",4.73995079801304,0.0525425137879771,264.78827512631,5.10774839452888,0.0525425137879756,264.788275126308,5.10774839452887,2021-01-17,362,4.85091356921954,0.065964127491679,0.0659641274916735,0.0529456609862174,0.0529456609862152
6045,2021-01-10,355,"Mendocino","California",6.55148841503274,0.00613875469832491,-712.234111312586,6.59445969792102,0.00613875469832426,-712.234111312699,6.59445969792101,2021-01-17,362,6.59088957199984,1.2745799093056e-05,1.27457990930243e-05,0.00054167588186327,0.000541675881862597
6047,2021-01-10,355,"Merced","California",8.68982509766268,0.0125559583998018,-337.08775793649,8.77771680646129,0.0125559583998029,-337.087757936427,8.7777168064613,2021-01-17,362,8.65993206479167,0.0138732453701779,0.0138732453701796,0.0136011161275142,0.013601116127515
6049,2021-01-10,355,"Modoc","California",4.57911950878815,-0.0116619397478419,747.655047770722,4.49748593055326,0,354,4.57911950878815,2021-01-17,362,4.43251603459627,0.00422108738066107,0.021492578645128,0.0146575659173898,0.0330745502210527
6051,2021-01-10,355,"Mono","California",5.40396355568302,-0.0127715656794896,778.124595002591,5.3145625959266,0,354,5.40396355568302,2021-01-17,362,5.41355748920031,0.00979998889427331,9.20435603340588e-05,0.0182864767708108,0.00177220497545707
6053,2021-01-10,355,"Monterey","California",9.27754497880391,-0.00876387839564567,1413.6117880656,9.21619783003439,0,354,9.27754497880391,2021-01-17,362,9.21270899314837,1.21719828172969e-05,0.00420370503592606,0.000378698262218083,0.00703766782428107
6055,2021-01-10,355,"Napa","California",7.56112158953024,-0.0025239416560843,3350.75926064026,7.54345399793765,0,354,7.56112158953024,2021-01-17,362,7.58832367733522,0.00201328812924116,0.00073995358095009,0.00591298965430158,0.00358472950834078
6057,2021-01-10,355,"Nevada","California",6.56526497003536,-0.00641799234689151,1377.94683682744,6.52033902360712,0,354,6.56526497003536,2021-01-17,362,6.52983585244675,9.01897580092152e-05,0.00125522237310766,0.00145437481955551,0.00542572866901946
6059,2021-01-10,355,"Orange","California",11.2327692875079,0.015483184697769,-370.48183766912,11.3411515803922,0.0154831846977714,-370.481837669006,11.3411515803923,2021-01-17,362,11.2534420468771,0.00769296226943846,0.00769296226944158,0.00779401832343831,0.00779401832343989
6061,2021-01-10,355,"Placer","California",8.5055542928776,-0.0190116528680543,802.386366241184,8.37247272280122,0,354,8.5055542928776,2021-01-17,362,8.4144957931779,0.00176593844388317,0.0082916503675607,0.00499412815807071,0.0108216228206482
6063,2021-01-10,355,"Plumas","California",4.8795498872,0.0153175861401718,36.4413287741917,4.9867729901812,0.0153175861401706,36.441328774167,4.98677299018119,2021-01-17,362,4.85091356921954,0.0184577822640366,0.0184577822640344,0.0280069762165469,0.0280069762165453
6065,2021-01-10,355,"Riverside","California",11.2350994237817,-0.00571543506060641,2320.74701744397,11.1950913783575,0,354,11.2350994237817,2021-01-17,362,11.2291063976874,0.00115702154001006,3.59163617680915e-05,0.00302918310016684,0.000533704631708593
6067,2021-01-10,355,"Sacramento","California",9.89362478927738,0.00102486386221387,-9298.59903305163,9.90079883631287,0.00102486386221301,-9298.59903305973,9.90079883631287,2021-01-17,362,9.86186910998294,0.00151552359212345,0.00151552359212304,0.00394749979905178,0.00394749979905124
6069,2021-01-10,355,"San Benito","California",7.3248665917247,0.00917307486628797,-443.518130343007,7.38907811578872,0.00917307486628705,-443.518130343088,7.38907811578871,2021-01-17,362,7.33795945620899,0.00261311735722843,0.00261311735722779,0.0069663317009032,0.00696633170090235
6071,2021-01-10,355,"San Bernardino","California",11.2734184015323,-0.020611618984107,901.94482807124,11.1291370686436,0,354,11.2734184015323,2021-01-17,362,11.1719732080273,0.00183493483730088,0.0102911272852742,0.00383425009943044,0.00908032910713977
6073,2021-01-10,355,"San Diego","California",11.1010354757303,0.00728148049603686,-1169.55746901641,11.1520058392026,0.00728148049603838,-1169.55746901609,11.1520058392026,2021-01-17,362,11.1519351005353,5.00395904795702e-09,5.0039590494649e-09,6.3431742238537e-06,6.34317422480942e-06
6075,2021-01-10,355,"San Francisco","California",8.73600738456922,0.00517855628679529,-1331.95808266968,8.77225727857678,0.00517855628679698,-1331.95808266913,8.7722572785768,2021-01-17,362,8.79011689289247,0.000318965823505118,0.000318965823504674,0.00203178348289414,0.00203178348289273
6077,2021-01-10,355,"San Joaquin","California",9.69072740660161,0.00156525692880718,-5836.14167664891,9.70168420510326,0.00156525692880649,-5836.14167665163,9.70168420510325,2021-01-17,362,9.62963324389362,0.0051913410112329,0.00519134101123213,0.00748221239426,0.00748221239425944
6079,2021-01-10,355,"San Luis Obispo","California",8.41819335605383,0.0331610682399304,101.142274574943,8.65032083373334,0.0331610682399308,101.142274574946,8.65032083373334,2021-01-17,362,8.60844319178415,0.00175373689522443,0.00175373689522457,0.00486471723355928,0.00486471723355948
6081,2021-01-10,355,"San Mateo","California",8.96582725206853,0.00501107506290696,-1434.20234470952,9.00090477750888,0.00501107506290488,-1434.20234471026,9.00090477750887,2021-01-17,362,9.05452163504823,0.00287476741239472,0.00287476741239625,0.00592155606893774,0.0059215560689393
6083,2021-01-10,355,"Santa Barbara","California",8.68739396839777,0.0456849022839697,164.841029879009,9.00718828438556,0.045684902283968,164.841029879002,9.00718828438555,2021-01-17,362,8.95894430771009,0.00232748128546334,0.00232748128546232,0.0053850068734049,0.00538500687340371
6085,2021-01-10,355,"Santa Clara","California",10.2251517091351,0.0019540721656845,-4877.74006390304,10.2388302142948,0.00195407216568633,-4877.74006389814,10.2388302142949,2021-01-17,362,10.2684927037551,0.000879863280980402,0.000879863280979664,0.00288868973431893,0.00288868973431771
6087,2021-01-10,355,"Santa Cruz","California",8.22890140931978,0.0116171152177073,-353.342928094311,8.31022121584373,0.0116171152177067,-353.342928094349,8.31022121584373,2021-01-17,362,8.28522510387564,0.000624805613521189,0.000624805613521011,0.00301695025237097,0.00301695025237054
6089,2021-01-10,355,"Shasta","California",7.45265101164581,0.041871892389803,177.013035802969,7.74575425837443,0.0418718923898034,177.01303580297,7.74575425837444,2021-01-17,362,7.57741447823487,0.0283382815774368,0.0283382815774377,0.0222159920937541,0.0222159920937545
6093,2021-01-10,355,"Siskiyou","California",5.68745950062427,0.014627272009169,-33.8257152160108,5.78985040468845,0.0146272720091689,-33.8257152160131,5.78985040468845,2021-01-17,362,5.76698081243482,0.000523018249847545,0.000523018249847504,0.00396560921519348,0.00396560921519333
6095,2021-01-10,355,"Solano","California",8.92968120017418,0.00287911703977389,-2746.53462912903,8.9498350194526,0.00287911703977528,-2746.53462912753,8.94983501945261,2021-01-17,362,8.91803811909944,0.0010110428720685,0.00101104287206907,0.00356545912099851,0.00356545912099951
6097,2021-01-10,355,"Sonoma","California",8.55358022315427,-0.0106328589385108,1159.44782279339,8.4791502105847,0,354,8.55358022315427,2021-01-17,362,8.59589874175698,0.0136302195308854,0.00179085701672768,0.0135818876745423,0.00492310575939352
6099,2021-01-10,355,"Stanislaus","California",9.25253742067597,-0.000246487553626259,37892.5441256773,9.25081200780059,0,354,9.25253742067597,2021-01-17,362,9.26979456120439,0.000360337333728134,0.000297808899217509,0.00204778577113731,0.00186165296484997
6101,2021-01-10,355,"Sutter","California",7.43661726523423,-0.0283018184360452,617.761111341275,7.23850453618191,0,354,7.43661726523423,2021-01-17,362,7.33311638070932,0.00895140112487851,0.0107124330974383,0.0129019968612931,0.0141141745407423
6103,2021-01-10,355,"Tehama","California",6.8114016978811,0.00220472530251199,-2734.45594724223,6.82683477499868,0.00220472530251126,-2734.45594724326,6.82683477499867,2021-01-17,362,6.82902123843963,4.78062237862486e-06,4.78062237864817e-06,0.000320172300628659,0.000320172300629439
6105,2021-01-10,355,"Trinity","California",3.61477148196021,-0.00766287274556919,826.725370103573,3.56113137274123,0,354,3.61477148196021,2021-01-17,362,3.3964241029095,0.0271284847354222,0.0476755779383162,0.0484943178004878,0.0642874306726506
6107,2021-01-10,355,"Tulare","California",9.12629083816161,-0.00116469587431229,8190.77158590896,9.11813796704143,0,354,9.12629083816161,2021-01-17,362,9.15342226539459,0.0012449817102748,0.000736114343698122,0.00385476571823367,0.00296407468663893
6109,2021-01-10,355,"Tuolumne","California",7.07375386174416,-0.0419443073763087,523.64633854318,6.78014371011,0,354,7.07375386174416,2021-01-17,362,6.51619307604296,0.0696699372243911,0.310874029751737,0.0405068774032283,0.0855654182119145
6111,2021-01-10,355,"Ventura","California",9.8895407464035,0.0270388922625711,-10.7524372806214,10.0788129922415,0.0270388922625706,-10.7524372806275,10.0788129922415,2021-01-17,362,10.0729771305147,3.40572820942819e-05,3.40572820942404e-05,0.000579358182906721,0.000579358182906368
6113,2021-01-10,355,"Yolo","California",7.85432577367034,0.00561502517663643,-1043.8050857459,7.89363094990679,0.00561502517663826,-1043.80508574545,7.89363094990681,2021-01-17,362,7.86699602524958,0.000709419211495582,0.000709419211496245,0.0033856537580202,0.00338565375802178
6115,2021-01-10,355,"Yuba","California",7.10273448392057,0.0082625588102573,-504.628917267505,7.16057239559237,0.00826255881025784,-504.628917267449,7.16057239559237,2021-01-17,362,7.10812722852547,0.00275049554867537,0.00275049554867575,0.00737819757311554,0.00737819757311604
8001,2021-01-10,355,"Adams","Colorado",8.70243903972744,0.00304334622302391,-2504.49688336169,8.72374246328861,0.00304334622302527,-2504.49688336041,8.72374246328862,2021-01-17,362,8.65057457278964,0.00535354020006957,0.00535354020007087,0.00845815383513617,0.0084581538351372
8003,2021-01-10,355,"Alamosa","Colorado",4.97673374242057,-0.0329487169204143,506.044842032592,4.74609272397767,0,354,4.97673374242057,2021-01-17,362,4.99527990601306,0.0620942516907379,0.00034396018399935,0.049884528339529,0.00371273761259378
8005,2021-01-10,355,"Arapahoe","Colorado",8.74617111818477,0.00439541126007103,-1634.84135970099,8.77693899700527,0.00439541126007192,-1634.84135970058,8.77693899700528,2021-01-17,362,8.72766247676082,0.00242817544740196,0.00242817544740266,0.0056460158004118,0.00564601580041261
8007,2021-01-10,355,"Archuleta","Colorado",4.59367580656236,0.0293276150945209,198.366881631621,4.798969112224,0.0293276150945205,198.366881631619,4.798969112224,2021-01-17,362,4.67682617489452,0.0149188971394735,0.0149188971394728,0.0261166296889868,0.0261166296889862
8009,2021-01-10,355,"Baca","Colorado",3.7744016275521,0,354,3.7744016275521,0,354,3.7744016275521,2021-01-17,362,4.06290303638728,0.083233062899885,0.083233062899885,0.0710086867078464,0.0710086867078464
8011,2021-01-10,355,"Bent","Colorado",6.0851500311853,-0.0525770229009335,470.737820352648,5.71711087087877,0,354,6.0851500311853,2021-01-17,362,5.75030249029109,0.00110168359921248,0.112122875642901,0.00577215189433322,0.0582312915641524
8013,2021-01-10,355,"Boulder","Colorado",7.67600993202889,0.0110601433928674,-339.024449717268,7.75343093577896,0.0110601433928696,-339.024449717128,7.75343093577898,2021-01-17,362,7.65701270519802,0.00929647518835914,0.00929647518836223,0.0125921471327173,0.0125921471327194
8014,2021-01-10,355,"Broomfield","Colorado",6.09518085465332,0.0110069094410695,-198.75951690042,6.17222922074081,0.0110069094410701,-198.759516900391,6.17222922074081,2021-01-17,362,6.12249280951439,0.00247371060168349,0.00247371060168394,0.00812355567802852,0.00812355567802924
8015,2021-01-10,355,"Chaffee","Colorado",5.61884686385042,-0.0154324050388086,719.09405077954,5.51082002857876,0,354,5.61884686385042,2021-01-17,362,5.50067495010241,0.000102922617291182,0.0139646011988658,0.00184433338969707,0.0214831661241507
8019,2021-01-10,355,"Clear Creek","Colorado",4.23410650459726,0.0167018496179313,101.488766127347,4.35101945192278,0.016701849617931,101.488766127342,4.35101945192278,2021-01-17,362,4.19181690503092,0.0253454509368544,0.0253454509368538,0.0379793656303994,0.037979365630399
8021,2021-01-10,355,"Conejos","Colorado",4.18531634042783,-0.0425596144187962,453.340090660676,3.88739903949625,0,354,4.18531634042783,2021-01-17,362,4.14539973302238,0.0665643578599647,0.00159333554676021,0.0622378323303515,0.00962913349163056
8025,2021-01-10,355,"Crowley","Colorado",5.21571185388387,-0.0911404151140087,412.227211960352,4.57772894808581,0,354,5.21571185388387,2021-01-17,362,4.72104664337389,0.0205399617826862,0.244693670488886,0.0303571868939756,0.104778717067805
8029,2021-01-10,355,"Delta","Colorado",6.46991454797263,0.0196698339887652,26.0742677509093,6.60760338589399,0.0196698339887664,26.0742677509304,6.607603385894,2021-01-17,362,6.48245182865431,0.0156629122795173,0.0156629122795196,0.0193062070567923,0.0193062070567936
8031,2021-01-10,355,"Denver","Colorado",8.81987646678607,0.0241428608353374,-10.3202711534747,8.98887649263343,0.0241428608353367,-10.320271153486,8.98887649263343,2021-01-17,362,8.84466586954676,0.020796703811048,0.0207967038110465,0.016304813004097,0.0163048130040963
8035,2021-01-10,355,"Douglas","Colorado",7.90759903367457,0.0105681300617947,-393.249594529658,7.98157594410714,0.0105681300617926,-393.249594529808,7.98157594410712,2021-01-17,362,7.94114309701739,0.0016348151237827,0.00163481512378148,0.00509156510539789,0.00509156510539598
8037,2021-01-10,355,"Eagle","Colorado",6.43477579770626,0.00160605747497215,-3651.56632653687,6.44601820003107,0.00160605747497122,-3651.56632653919,6.44601820003106,2021-01-17,362,6.54267778535059,0.00934307543414221,0.00934307543414341,0.0147737040537056,0.0147737040537065
8039,2021-01-10,355,"Elbert","Colorado",5.28029886104536,-0.0165889126930853,673.302890535214,5.16417647219376,0,354,5.28029886104536,2021-01-17,362,5.0201140380508,0.0207539849311954,0.0676961421167102,0.0286970441410329,0.0518284686408406
8041,2021-01-10,355,"El Paso","Colorado",8.82187986268384,-0.0109995975937725,1157.0184181718,8.74488267952743,0,354,8.82187986268384,2021-01-17,362,8.7233242764551,0.000464764743029044,0.00971320357689016,0.00247135179079811,0.0112979390775082
8043,2021-01-10,355,"Fremont","Colorado",6.89857036940506,-0.0249176414231394,631.854869698815,6.72414687944309,0,354,6.89857036940506,2021-01-17,362,6.48920493132532,0.0551977189853734,0.167580061894223,0.036205043700136,0.063084066909895
8045,2021-01-10,355,"Garfield","Colorado",6.87670679628886,-0.0235921820168198,646.482440724905,6.71156152217112,0,354,6.87670679628886,2021-01-17,362,6.72897031819652,0.000303066179053794,0.0218260669591298,0.00258714115268388,0.0219552875263597
8049,2021-01-10,355,"Grand","Colorado",5.12055682108164,0.00599060413715827,-499.764678794258,5.16249105004175,0.00599060413715691,-499.764678794452,5.16249105004174,2021-01-17,362,5.13579843705026,0.000712495588313375,0.000712495588312854,0.00519736382154812,0.00519736382154621
8051,2021-01-10,355,"Gunnison","Colorado",5.22035582507832,0.000772499072790974,-6402.75027951506,5.22576331858786,0.000772499072790644,-6402.75027951794,5.22576331858786,2021-01-17,362,5.25600616847632,0.000914629969375572,0.000914629969375733,0.00575396012086899,0.0057539601208695
8055,2021-01-10,355,"Huerfano","Colorado",3.67810735713203,-0.0527362960809419,424.745272809579,3.30895328456543,0,354,3.67810735713203,2021-01-17,362,3.00284974132285,0.0936993791856621,0.455972847708289,0.101937682405558,0.22487226267662
8059,2021-01-10,355,"Jefferson","Colorado",8.42523453184543,-0.00608948715995627,1738.57045684385,8.38260812172573,0,354,8.42523453184543,2021-01-17,362,8.35782894453609,0.000614007622195727,0.00454351320051655,0.00296478635230294,0.00806496373120946
8063,2021-01-10,355,"Kit Carson","Colorado",3.87120101090789,-0.0235304974101958,519.518452093176,3.70648752903652,0,354,3.87120101090789,2021-01-17,362,3.74444930526875,0.00144109645470568,0.0160659948824321,0.0101381466638664,0.0338505599370229
8065,2021-01-10,355,"Lake","Colorado",4.39091558209113,-0.0192819295494525,582.721793652948,4.25594207524496,0,354,4.39091558209113,2021-01-17,362,4.29436569611546,0.00147637464079977,0.00932188048191491,0.008947449656012,0.0224829212991819
8067,2021-01-10,355,"La Plata","Colorado",6.04365030027855,-0.00507186209796118,1546.60382982574,6.00814726559282,0,354,6.04365030027855,2021-01-17,362,6.01580866692605,5.86970703888101e-05,0.000775156547734979,0.0012735447148362,0.00462807826744353
8069,2021-01-10,355,"Larimer","Colorado",7.77058495503696,-0.00852346096539035,1266.67015213533,7.71092072827923,0,354,7.77058495503696,2021-01-17,362,7.72356247227797,0.000159813691329731,0.00221111388481953,0.00163677629903517,0.00608818572100208
8071,2021-01-10,355,"Las Animas","Colorado",5.86119314107067,0.0411102107183074,212.427314561039,6.14896461609882,0.0411102107183048,212.427314561029,6.1489646160988,2021-01-17,362,5.97126183979046,0.0315782767076977,0.0315782767076911,0.0297596690743329,0.0297596690743298
8073,2021-01-10,355,"Lincoln","Colorado",4.32318613465095,-0.0956544731456566,400.195859560774,3.65360482263135,0,354,4.32318613465095,2021-01-17,362,3.85922481986117,0.0422795832607925,0.215260101621455,0.053280129255911,0.120221375132652
8075,2021-01-10,355,"Logan","Colorado",6.11273356316031,-0.0571759889957067,461.910849650879,5.71250164019036,0,354,6.11273356316031,2021-01-17,362,5.758451018855,0.00211134539966659,0.125516121199441,0.00797946852620407,0.0615239312004691
8077,2021-01-10,355,"Mesa","Colorado",7.59574633239271,0.00251608629916309,-2663.87353184954,7.61335893648686,0.00251608629916333,-2663.87353184925,7.61335893648686,2021-01-17,362,7.62147509842648,6.58720846302544e-05,6.58720846302255e-05,0.00106490696811473,0.0010649069681145
8081,2021-01-10,355,"Moffat","Colorado",4.56285898791637,-0.0579032928315613,433.801373199786,4.15753593809544,0,354,4.56285898791637,2021-01-17,362,4.19612725653204,0.00148928985867527,0.134492162804146,0.00919688943573582,0.0873976666969384
8083,2021-01-10,355,"Montezuma","Colorado",5.64089338610727,-0.0135987993378191,769.808193427752,5.54570179074253,0,354,5.64089338610727,2021-01-17,362,5.69565429220566,0.0224857526950488,0.00299875683671688,0.0263275286332479,0.00961450665524601
8085,2021-01-10,355,"Montrose","Colorado",6.42046015262634,-0.0104107360178407,971.715296749787,6.34758500050146,0,354,6.42046015262634,2021-01-17,362,6.50471579808881,0.0246900875504383,0.00709901379229742,0.0241564431813489,0.0129530094900112
8087,2021-01-10,355,"Morgan","Colorado",5.56342511696128,-0.0103571380999465,892.158533880127,5.49092515026165,0,354,5.56342511696128,2021-01-17,362,5.4380793089232,0.00279268294676948,0.0157115715927202,0.0097177400946957,0.0230496469281732
8089,2021-01-10,355,"Otero","Colorado",5.73334127689775,-0.0601077767360441,450.384351047868,5.31258683974544,0,354,5.73334127689775,2021-01-17,362,5.32370660055286,0.000123649080414186,0.167800568064183,0.00208872532649772,0.076945389196007
8091,2021-01-10,355,"Ouray","Colorado",3.00991690854595,0.0141846349919581,142.804415816664,3.10920935348966,0.0141846349919574,142.804415816653,3.10920935348965,2021-01-17,362,3.23023958351852,0.014648316580839,0.0146483165808402,0.0374678802917243,0.0374678802917258
8093,2021-01-10,355,"Park","Colorado",4.47733681447821,0.0081500043619245,-194.366186280292,4.53438684501168,0.0081500043619247,-194.366186280278,4.53438684501168,2021-01-17,362,4.5013957134859,0.00108841475935123,0.00108841475935135,0.00732908938153101,0.0073290893815314
8095,2021-01-10,355,"Phillips","Colorado",4.41019751164058,0.00173761989854103,-2183.06802934494,4.42236085093037,0.00173761989854171,-2183.06802934394,4.42236085093037,2021-01-17,362,4.37125453769197,0.00261185525282105,0.0026118552528215,0.0116914521443952,0.0116914521443962
8097,2021-01-10,355,"Pitkin","Colorado",6.31922548088207,0.0358912132014736,178.933912587201,6.57046397329239,0.0358912132014728,178.933912587197,6.57046397329238,2021-01-17,362,6.51471269087253,0.00310820549145867,0.00310820549145808,0.00855774998304496,0.00855774998304414
8099,2021-01-10,355,"Prowers","Colorado",4.97476135519337,-0.0272655643662837,537.455836540288,4.78390240462939,0,354,4.97476135519337,2021-01-17,362,4.7779222917659,3.5761749860081e-05,0.0387456168910061,0.00125161367186656,0.0411976276313037
8101,2021-01-10,355,"Pueblo","Colorado",7.50368331596815,-0.0390602294003981,547.105459470027,7.23026171016536,0,354,7.50368331596815,2021-01-17,362,7.18408747023833,0.0021320604328395,0.102141504607761,0.00642729367067469,0.0444866306338584
8103,2021-01-10,355,"Rio Blanco","Colorado",3.85318250540521,-0.0645385211375713,414.703607047204,3.40141285744221,0,354,3.85318250540521,2021-01-17,362,3.95945169899926,0.311407348686328,0.0112931415071285,0.140938413694524,0.0268393711232552
8105,2021-01-10,355,"Rio Grande","Colorado",4.82487927485367,0.0517762695237284,261.812921841685,5.18731316151977,0.0517762695237254,261.812921841679,5.18731316151975,2021-01-17,362,5.06980227143192,0.0138088092892396,0.0138088092892346,0.0231785943112656,0.0231785943112614
8107,2021-01-10,355,"Routt","Colorado",5.30401538766267,0.0114286958236225,-109.09629493328,5.38401625842803,0.0114286958236214,-109.096294933327,5.38401625842802,2021-01-17,362,5.63172368354741,0.0613589684592745,0.0613589684592784,0.0439843001962326,0.043984300196234
8109,2021-01-10,355,"Saguache","Colorado",3.05803615689015,0.048119248344198,291.448796227739,3.39487089529953,0.0481192483441983,291.44879622774,3.39487089529954,2021-01-17,362,3.3964241029095,2.41245387965775e-06,2.41245387965085e-06,0.000457306732877067,0.000457306732876413
8113,2021-01-10,355,"San Miguel","Colorado",4.56434819146784,-0.0745330518625607,416.239249935512,4.04261682842991,0,354,4.56434819146784,2021-01-17,362,4.21529717263976,0.0298185012764328,0.121836613744916,0.0409651650020473,0.0828057915094717
8115,2021-01-10,355,"Sedgwick","Colorado",3.5715427474094,0.105806844609677,321.244690874349,4.31219065967713,0.105806844609669,321.244690874346,4.31219065967708,2021-01-17,362,3.84098723231139,0.222032669961219,0.222032669961166,0.122677686455673,0.122677686455658
8117,2021-01-10,355,"Summit","Colorado",5.84726419813389,-0.00164880499018395,3901.36493275141,5.8357225632026,0,354,5.84726419813389,2021-01-17,362,5.80985702104769,0.000669026270967834,0.00139929689755872,0.00445201010303926,0.00643857102690965
8119,2021-01-10,355,"Teller","Colorado",5.03973166858389,-0.0165141367644154,660.176815505337,4.92413271123298,0,354,5.03973166858389,2021-01-17,362,5.01158722182164,0.00764829142230071,0.000792109883553401,0.0174504616437393,0.00561587487487144
8123,2021-01-10,355,"Weld","Colorado",8.11820704940578,0.00221663418269257,-3307.40271524845,8.13372348868463,0.00221663418268925,-3307.40271525393,8.13372348868461,2021-01-17,362,8.10202400784584,0.00100485708544863,0.00100485708544717,0.00391253849755197,0.00391253849754912
8125,2021-01-10,355,"Yuma","Colorado",4.68345310438213,-0.0324914871078703,499.144005746283,4.45601269462704,0,354,4.68345310438213,2021-01-17,362,4.56880254181722,0.0127215496291831,0.0131447514964521,0.0246869603485454,0.0250942257879492
9001,2021-01-10,355,"Fairfield","Connecticut",9.30198149134052,-0.0023565111121769,4302.35312015886,9.28548591355528,0,354,9.30198149134052,2021-01-17,362,9.44204148837295,0.0245096480064905,0.019616802768724,0.0165806912636904,0.0148336561754045
9003,2021-01-10,355,"Hartford","Connecticut",9.37929923480365,-0.00684147697621672,1725.94654669003,9.33140889597014,0,354,9.37929923480365,2021-01-17,362,9.48129401550944,0.0224655490593115,0.0104029352912217,0.015808508764112,0.0107574747222209
9005,2021-01-10,355,"Litchfield","Connecticut",7.51456617929868,-0.0096866191948897,1130.76768820055,7.44675984493445,0,354,7.51456617929868,2021-01-17,362,7.55343641833478,0.0113798913124353,0.00151089548272345,0.0141229193564648,0.00514603378956726
9007,2021-01-10,355,"Middlesex","Connecticut",7.67016196214646,0.00749267620917053,-668.687898425225,7.72261069561066,0.00749267620917049,-668.687898425231,7.72261069561066,2021-01-17,362,7.7332456465298,0.000113102181052468,0.000113102181052468,0.00137522476399156,0.00137522476399156
9009,2021-01-10,355,"New Haven","Connecticut",9.30050747869454,-0.00151311613337031,6501.59197240769,9.28991566576095,0,354,9.30050747869454,2021-01-17,362,9.41857331055464,0.01655278956386,0.0139395406528175,0.0136599929258412,0.0125354263291441
9011,2021-01-10,355,"New London","Connecticut",8.18064095159485,0.00791184672938288,-678.973638697238,8.23602387870054,0.0079118467293835,-678.973638697157,8.23602387870054,2021-01-17,362,8.39889216448268,0.026526078513613,0.0265260785136119,0.0193916391105579,0.0193916391105575
9013,2021-01-10,355,"Tolland","Connecticut",7.1768004729599,-0.00544307897302371,1673.51852757027,7.13869892014873,0,354,7.1768004729599,2021-01-17,362,7.29747807696707,0.0252108206399423,0.0145630841089118,0.0217580861694522,0.016536891613017
9015,2021-01-10,355,"Windham","Connecticut",7.63025319575659,0.00737959350102811,-678.966599202728,7.68191035026379,0.00737959350102901,-678.966599202602,7.68191035026379,2021-01-17,362,7.77569574991525,0.00879570118778356,0.0087957011877824,0.0120613515070313,0.0120613515070305
10001,2021-01-10,355,"Kent","Delaware",7.88897731198856,-0.00294094268598133,3037.46550658507,7.86839071318669,0,354,7.88897731198856,2021-01-17,362,7.90391287889512,0.00126182425661725,0.000223071158820392,0.00449425066453881,0.00188964214755488
10003,2021-01-10,355,"New Castle","Delaware",9.04719940031079,0.0019526982048547,-4278.17853102855,9.06086828774477,0.00195269820485322,-4278.17853103206,9.06086828774476,2021-01-17,362,9.07824468292976,0.000301939109624608,0.000301939109624979,0.00191406993222533,0.00191406993222651
10005,2021-01-10,355,"Sussex","Delaware",8.21828645268117,0.0186259880667468,-86.2268720043559,8.34866836914839,0.0186259880667468,-86.2268720043578,8.34866836914839,2021-01-17,362,8.31842861466296,0.00091444275133922,0.00091444275133922,0.00363527246385554,0.00363527246385554
11001,2021-01-10,355,"District of Columbia","District of Columbia",8.55992421971426,0.00901997095571767,-593.996871690392,8.62306401640429,0.00901997095571438,-593.996871690737,8.62306401640426,2021-01-17,362,8.65856873806381,0.00126058526012006,0.0012605852601217,0.00410053009147334,0.00410053009147601
12001,2021-01-10,355,"Alachua","Florida",7.88715493918427,0.0290664342041966,83.6507562717985,8.09061997861364,0.0290664342041946,83.6507562717805,8.09061997861363,2021-01-17,362,8.07500482035678,0.000243833167386908,0.000243833167386519,0.00193376457404691,0.00193376457404537
12003,2021-01-10,355,"Baker","Florida",5.96870755998537,0.0136106570482607,-83.5319194232521,6.06398215932319,0.0136106570482584,-83.5319194233262,6.06398215932317,2021-01-17,362,6.03068526026126,0.00110868348714016,0.0011086834871391,0.00552124636338336,0.00552124636338071
12005,2021-01-10,355,"Bay","Florida",7.89052906872769,0.00665202817682874,-831.183951567292,7.93709326596549,0.00665202817682697,-831.183951567607,7.93709326596547,2021-01-17,362,7.91498300584839,0.000488863602445506,0.000488863602444956,0.00279346905745161,0.00279346905745004
12007,2021-01-10,355,"Bradford","Florida",6.50706447003427,-0.00489310624183826,1684.84328326983,6.47281272634141,0,354,6.50706447003427,2021-01-17,362,6.17020828255405,0.0915694493998539,0.11347209104371,0.049042824801061,0.0545939735021045
12009,2021-01-10,355,"Brevard","Florida",8.46755266579197,0.031476568519578,85.9886984496021,8.68788864542901,0.0314765685195795,85.9886984496144,8.68788864542902,2021-01-17,362,8.64626465331867,0.0017325567192021,0.00173255671920298,0.00481410109212526,0.00481410109212649
12011,2021-01-10,355,"Broward","Florida",10.0514209860957,0.0148208786353057,-323.193326686557,10.1551671365428,0.0148208786353035,-323.193326686659,10.1551671365428,2021-01-17,362,10.1399590339473,0.000231286384557293,0.000231286384556807,0.00149981893858272,0.00149981893858114
12013,2021-01-10,355,"Calhoun","Florida",5.76742773981656,0.0121377080144251,-120.166129631909,5.85239169591753,0.012137708014424,-120.166129631949,5.85239169591753,2021-01-17,362,5.7319533516229,0.0145053947764329,0.0145053947764312,0.0210117453695841,0.0210117453695829
12015,2021-01-10,355,"Charlotte","Florida",7.55216229412269,0.0195386753339033,-31.5237619777761,7.68893302146001,0.0195386753339024,-31.523761977794,7.68893302146001,2021-01-17,362,7.60339933974067,0.00731601070846603,0.00731601070846497,0.0112494001560967,0.0112494001560958
12017,2021-01-10,355,"Citrus","Florida",7.31426745776804,0.00888724851822224,-468.006968103909,7.3764781973956,0.00888724851822165,-468.006968103964,7.37647819739559,2021-01-17,362,7.34775983050788,0.000824744596697782,0.000824744596697527,0.00390845203846797,0.00390845203846736
12019,2021-01-10,355,"Clay","Florida",8.02663693941231,0.0246599486348105,29.5071509158885,8.19925657985598,0.0246599486348114,29.5071509159001,8.19925657985599,2021-01-17,362,8.11338385461901,0.00737412493962433,0.00737412493962525,0.0105840826436534,0.0105840826436541
12021,2021-01-10,355,"Collier","Florida",8.14844566624324,0.0190601119853705,-72.5130005792997,8.28186645014083,0.0190601119853699,-72.5130005793132,8.28186645014083,2021-01-17,362,8.29504914043511,0.000173783323394974,0.000173783323395068,0.00158922389380699,0.00158922389380742
12023,2021-01-10,355,"Columbia","Florida",7.00228593425693,0.00717409977088711,-621.050815835123,7.05250463265314,0.00717409977088757,-621.050815835061,7.05250463265314,2021-01-17,362,7.00319532048394,0.0024314082665996,0.00243140826659995,0.00704097342893936,0.00704097342893987
12027,2021-01-10,355,"DeSoto","Florida",5.93640476992496,0.0102409391133928,-224.673866253293,6.0080913437187,0.0102409391133946,-224.673866253187,6.00809134371872,2021-01-17,362,5.95027045956018,0.00334325464487373,0.00334325464487527,0.00971735395079844,0.00971735395080068
12029,2021-01-10,355,"Dixie","Florida",5.16560196744084,0.0298035303905797,181.678185444984,5.3742266801749,0.0298035303905806,181.678185444989,5.37422668017491,2021-01-17,362,5.37593956473304,2.93397350952056e-06,2.93397350949926e-06,0.000318620501126641,0.000318620501125485
12031,2021-01-10,355,"Duval","Florida",9.66119758714217,0.0238822544270943,-49.5345725896625,9.82837336813183,0.0238822544270949,-49.5345725896524,9.82837336813183,2021-01-17,362,9.73974097903542,0.0078557003969366,0.00785570039693723,0.00910007661263114,0.0091000766126315
12033,2021-01-10,355,"Escambia","Florida",8.54085391290505,0.0218908600465431,-35.1561608244708,8.69408993323085,0.0218908600465415,-35.156160824499,8.69408993323084,2021-01-17,362,8.67936063057709,0.000216952356665978,0.000216952356665664,0.00169704927363731,0.00169704927363609
12035,2021-01-10,355,"Flagler","Florida",6.91316916882622,0.0270753866252597,99.6696047406895,7.10269687520303,0.027075386625258,99.6696047406731,7.10269687520302,2021-01-17,362,7.06157937487442,0.00169064883327371,0.00169064883327269,0.005822705962198,0.00582270596219624
12037,2021-01-10,355,"Franklin","Florida",4.90738894413076,0.0654541108764991,280.025504457769,5.36556772026626,0.0654541108764946,280.025504457764,5.36556772026622,2021-01-17,362,5.35725990218149,6.90198413296461e-05,6.90198413291148e-05,0.00155075882754688,0.00155075882754091
12039,2021-01-10,355,"Gadsden","Florida",6.64155509534626,0.04772808855044,215.845986146557,6.97565171519934,0.0477280885504365,215.845986146547,6.97565171519931,2021-01-17,362,6.82344155874366,0.0231679317282617,0.0231679317282544,0.0223069480621011,0.0223069480620976
12041,2021-01-10,355,"Gilchrist","Florida",5.24627190965793,-0.000752162502551682,7329.91817507541,5.24100677214007,0,354,5.24627190965793,2021-01-17,362,5.09375020080676,0.021684497800842,0.0232628716708813,0.0289092643981612,0.029942910986686
12043,2021-01-10,355,"Glades","Florida",4.24645234041956,-1.25607396694711e-15,3380734297631382,4.24645234041955,0,354,4.24645234041956,2021-01-17,362,4.30791866252016,0.00377810875257588,0.00377810875257479,0.0142682178833551,0.0142682178833531
12045,2021-01-10,355,"Gulf","Florida",5.52031740716017,0.0219789067187782,103.835668771288,5.67416975419162,0.0219789067187781,103.835668771287,5.67416975419162,2021-01-17,362,5.62298551435168,0.00261982640799178,0.00261982640799169,0.00910268036602515,0.009102680366025
12047,2021-01-10,355,"Hamilton","Florida",5.50475064715623,-0.00810189616942143,1034.43979187644,5.44803737397028,0,354,5.50475064715623,2021-01-17,362,5.40781218134432,0.00161806612179559,0.00939706615396678,0.0074383486846543,0.0179256347227303
12049,2021-01-10,355,"Hardee","Florida",5.69421302364005,0.00385356931599121,-1122.64645104753,5.72118800885199,0.00385356931598935,-1122.64645104824,5.72118800885197,2021-01-17,362,5.83564581018003,0.0131005882848485,0.0131005882848516,0.0196135620719768,0.0196135620719791
12051,2021-01-10,355,"Hendry","Florida",6.43706570024112,-0.00729264854614126,1237.6787222109,6.38601716041813,0,354,6.43706570024112,2021-01-17,362,6.40711569614701,0.000445148209902985,0.000897002745236905,0.0032929849763087,0.00467449091205201
12053,2021-01-10,355,"Hernando","Florida",7.52710213236849,0.00911555172521433,-470.742901721234,7.59091099444499,0.00911555172521261,-470.74290172139,7.59091099444497,2021-01-17,362,7.57485178234214,0.000257898293364188,0.000257898293363789,0.00212006948311275,0.00212006948311111
12055,2021-01-10,355,"Highlands","Florida",6.83717952274078,0.0151377620326758,-96.6638263953607,6.94314385696951,0.0151377620326754,-96.6638263953749,6.94314385696951,2021-01-17,362,6.95518397255325,0.000144964383269706,0.000144964383269791,0.00173109951242819,0.0017310995124287
12057,2021-01-10,355,"Hillsborough","Florida",9.6925813188864,0.0172857538867031,-205.726560288605,9.81358159609332,0.0172857538867035,-205.726560288591,9.81358159609332,2021-01-17,362,9.79713448096555,0.000270507596025999,0.000270507596026116,0.0016787679254297,0.00167876792543006
12059,2021-01-10,355,"Holmes","Florida",6.12155251795475,0.00692262047141819,-529.282555027989,6.17001086125467,0.00692262047141945,-529.282555027829,6.17001086125468,2021-01-17,362,6.01511131682806,0.023993868863573,0.0239938688635757,0.025751733636793,0.0257517336367945
12061,2021-01-10,355,"Indian River","Florida",7.6262916935469,0.0323419194326704,119.197925561488,7.85268512957559,0.0323419194326693,119.19792556148,7.85268512957559,2021-01-17,362,7.75239655254078,0.0100577986836679,0.0100577986836665,0.0129364611775369,0.012936461177536
12063,2021-01-10,355,"Jackson","Florida",6.54473370712739,0.016775789504839,-35.1296988281565,6.66216423366126,0.0167757895048384,-35.1296988281711,6.66216423366126,2021-01-17,362,6.68049612733424,0.000336058325637409,0.000336058325637572,0.0027440916548056,0.00274409165480627
12065,2021-01-10,355,"Jefferson","Florida",5.43870023412166,0.0302480527555008,175.196682474623,5.65043660341017,0.0302480527554989,175.196682474612,5.65043660341015,2021-01-17,362,5.5362087744968,0.0130479968982606,0.0130479968982576,0.0206328615061569,0.0206328615061545
12067,2021-01-10,355,"Lafayette","Florida",4.00212484012533,0.0211089632102342,165.406375705605,4.14988758259697,0.0211089632102341,165.406375705605,4.14988758259697,2021-01-17,362,4.26066577766961,0.0122718085035526,0.0122718085035526,0.0260002076795692,0.0260002076795692
12069,2021-01-10,355,"Lake","Florida",8.39650952442189,0.0164787998040534,-154.534045213447,8.51186112305026,0.0164787998040534,-154.534045213446,8.51186112305026,2021-01-17,362,8.45895856841881,0.00279868028653408,0.00279868028653408,0.0062540269234755,0.0062540269234755
12071,2021-01-10,355,"Lee","Florida",9.03775412999324,0.0175198213272947,-160.858807070881,9.1603928792843,0.0175198213272925,-160.858807070948,9.16039287928429,2021-01-17,362,9.12266383875425,0.00142348049931823,0.00142348049931702,0.00413574819777675,0.00413574819777499
12073,2021-01-10,355,"Leon","Florida",8.30169888134793,0.0399879753485162,147.39511855766,8.58161470878754,0.0399879753485166,147.395118557662,8.58161470878754,2021-01-17,362,8.4810921783628,0.0101047791229939,0.0101047791229946,0.0118525454399849,0.0118525454399853
12075,2021-01-10,355,"Levy","Florida",6.08221891037645,0.0382296844888179,195.90324072239,6.34982670179817,0.0382296844888188,195.903240722394,6.34982670179818,2021-01-17,362,6.26230923444152,0.00765930709252251,0.0076593070925236,0.0139752707955273,0.0139752707955282
12077,2021-01-10,355,"Liberty","Florida",5.09812274821937,0.0620982201182976,272.90227258515,5.53281028904746,0.0620982201182976,272.90227258515,5.53281028904746,2021-01-17,362,5.35860579740484,0.0303472049084626,0.0303472049084626,0.0325092940643224,0.0325092940643224
12079,2021-01-10,355,"Madison","Florida",5.1793729424554,0.00888894741724902,-227.675619433277,5.24159557437614,0.00888894741724933,-227.675619433257,5.24159557437615,2021-01-17,362,5.25077642177904,8.42879590352304e-05,8.42879590351978e-05,0.00174847425702877,0.00174847425702843
12081,2021-01-10,355,"Manatee","Florida",8.41667806075489,0.0158260877703638,-176.823036929955,8.52746067514743,0.0158260877703622,-176.823036930008,8.52746067514742,2021-01-17,362,8.46866299345266,0.00345716737267951,0.00345716737267826,0.0069429710144598,0.00694297101445854
12083,2021-01-10,355,"Marion","Florida",8.37638641768056,0.0282206853220118,58.1827426548324,8.57393121493464,0.0282206853220099,58.1827426548133,8.57393121493463,2021-01-17,362,8.52895235211085,0.00202309810092145,0.00202309810092033,0.00527366796845331,0.00527366796845185
12085,2021-01-10,355,"Martin","Florida",7.21513493119599,0.0163104653731149,-87.3622972210802,7.32930818880779,0.0163104653731159,-87.3622972210539,7.3293081888078,2021-01-17,362,7.24667350133161,0.00682849157428661,0.00682849157428779,0.0114031199916761,0.0114031199916771
12086,2021-01-10,355,"Miami-Dade","Florida",10.8783409499224,0.0114828066187286,-592.359065699121,10.9587205962535,0.0114828066187265,-592.359065699297,10.9587205962535,2021-01-17,362,10.936555099711,0.000491309236976081,0.000491309236975451,0.00202673477529474,0.00202673477529344
12087,2021-01-10,355,"Monroe","Florida",6.42879739406417,0.0344902221724478,168.605219417816,6.6702289492713,0.0344902221724475,168.605219417815,6.6702289492713,2021-01-17,362,6.62235631254492,0.00229178934713578,0.00229178934713552,0.00722894306301394,0.00722894306301354
12089,2021-01-10,355,"Nassau","Florida",7.36427555789059,0.0303192723211094,112.109092860276,7.57651046413835,0.0303192723211074,112.10909286026,7.57651046413834,2021-01-17,362,7.47250074473756,0.0108180217298318,0.0108180217298291,0.0139189975289118,0.01391899752891
12091,2021-01-10,355,"Okaloosa","Florida",7.91210921543367,0.0151845591648036,-166.062819773734,8.01840112958729,0.0151845591648048,-166.062819773695,8.0184011295873,2021-01-17,362,7.97295850551912,0.00206503208220175,0.00206503208220256,0.00569959369996988,0.00569959369997099
12093,2021-01-10,355,"Okeechobee","Florida",6.05878936149424,0.0698279446043782,268.232597696792,6.54758497372488,0.0698279446043735,268.232597696786,6.54758497372485,2021-01-17,362,6.39454586386087,0.0234209691479696,0.0234209691479596,0.0239327566213768,0.0239327566213716
12095,2021-01-10,355,"Orange","Florida",9.76448817647621,0.0197535445162542,-139.315750190631,9.90276298808999,0.0197535445162522,-139.31575019068,9.90276298808998,2021-01-17,362,9.89599526963489,4.58020130875228e-05,4.58020130873305e-05,0.000683884568525192,0.000683884568523756
12097,2021-01-10,355,"Osceola","Florida",8.59587233249261,0.0176377993770421,-132.355148379863,8.7193369281319,0.0176377993770398,-132.355148379927,8.71933692813189,2021-01-17,362,8.71520060322512,1.71091837344454e-05,1.71091837343132e-05,0.000474610407160214,0.00047461040715838
12099,2021-01-10,355,"Palm Beach","Florida",9.59303387831347,0.0230230534187573,-61.6707909602397,9.75419525224477,0.0230230534187559,-61.670790960266,9.75419525224476,2021-01-17,362,9.73054473469639,0.000559346980306445,0.000559346980305941,0.00243054404385537,0.00243054404385428
12101,2021-01-10,355,"Pasco","Florida",8.61148987078948,0.00914178648907996,-586.992014479453,8.67548237621304,0.00914178648907793,-586.992014479662,8.67548237621302,2021-01-17,362,8.6751244708643,1.28096238657437e-07,1.28096238647264e-07,4.12565087616973e-05,4.12565087600592e-05
12103,2021-01-10,355,"Pinellas","Florida",9.22260767710767,0.0171649935365798,-182.291648694981,9.34276263186373,0.0171649935365803,-182.291648694966,9.34276263186373,2021-01-17,362,9.31966871965253,0.000533328781218292,0.000533328781218456,0.00247797565620488,0.00247797565620526
12105,2021-01-10,355,"Polk","Florida",9.08649255407897,0.0229631966266593,-40.6980686012128,9.24723493046559,0.0229631966266606,-40.6980686011909,9.24723493046559,2021-01-17,362,9.19991478534974,0.00223919613378519,0.00223919613378603,0.00514354167619087,0.00514354167619183
12107,2021-01-10,355,"Putnam","Florida",6.9202483432296,0.0144950669181411,-122.420931018172,7.02171381165659,0.0144950669181405,-122.42093101819,7.02171381165659,2021-01-17,362,7.0452786928762,0.00055530362689406,0.000555303626894228,0.00334477630294907,0.00334477630294958
12109,2021-01-10,355,"St. Johns","Florida",8.27835570342179,0.0226014903965508,-11.2747702994469,8.43656613619764,0.0226014903965481,-11.2747702994896,8.43656613619762,2021-01-17,362,8.36033886001466,0.00581059763427575,0.00581059763427304,0.00911772566391437,0.00911772566391224
12111,2021-01-10,355,"St. Lucie","Florida",8.10284589607206,0.0266857767642969,51.3608753966302,8.28964633342214,0.0266857767642961,51.3608753966207,8.28964633342213,2021-01-17,362,8.24987381348334,0.00158185334228173,0.0015818533422813,0.00482098524631862,0.00482098524631797
12113,2021-01-10,355,"Santa Rosa","Florida",8.04421371014036,0.0159914670902182,-148.031627101987,8.15615397977189,0.0159914670902186,-148.031627101976,8.15615397977189,2021-01-17,362,8.10943975279006,0.00218221900250997,0.00218221900251013,0.00576047524932389,0.00576047524932411
12115,2021-01-10,355,"Sarasota","Florida",8.34178482620904,0.0318969894245813,93.4773617606533,8.56506375218111,0.0318969894245811,93.4773617606516,8.56506375218111,2021-01-17,362,8.47321144823911,0.00843684573945352,0.00843684573945319,0.0108403176886478,0.0108403176886476
12117,2021-01-10,355,"Seminole","Florida",8.29469229070075,0.0242768948870319,13.3297687246004,8.46463055490997,0.0242768948870324,13.3297687246084,8.46463055490997,2021-01-17,362,8.41610923252567,0.00235431872592115,0.00235431872592149,0.00576529142430564,0.00576529142430606
12119,2021-01-10,355,"Sumter","Florida",7.34222425036089,0.0238741854505888,47.4617903485444,7.50934354851501,0.0238741854505893,47.4617903485513,7.50934354851502,2021-01-17,362,7.41069272989912,0.00973198401358538,0.00973198401358608,0.0133119564137203,0.0133119564137207
12121,2021-01-10,355,"Suwannee","Florida",6.58242078677138,0.02402037024147,80.9650571327523,6.75056337846167,0.0240203702414696,80.9650571327477,6.75056337846167,2021-01-17,362,6.61184900410759,0.0192416776524449,0.0192416776524442,0.0209796645791379,0.0209796645791375
12123,2021-01-10,355,"Taylor","Florida",5.74939298590825,0.0318954700700875,174.742647677728,5.97266127639887,0.0318954700700873,174.742647677727,5.97266127639886,2021-01-17,362,5.89282741054397,0.00637344613733796,0.00637344613733768,0.0135476334691311,0.0135476334691308
12125,2021-01-10,355,"Union","Florida",5.24401202169049,0.0144324571215837,-8.34852600033587,5.34503922154158,0.0144324571215826,-8.34852600036424,5.34503922154157,2021-01-17,362,5.33133757757617,0.000187735047354761,0.000187735047354542,0.00257001995578674,0.00257001995578524
12127,2021-01-10,355,"Volusia","Florida",8.58362278050002,0.0273187720787559,40.7976355688778,8.77485418505131,0.0273187720787558,40.7976355688764,8.77485418505131,2021-01-17,362,8.69820436622508,0.00587519472609411,0.00587519472609411,0.00881214278246449,0.00881214278246449
12129,2021-01-10,355,"Wakulla","Florida",6.20484632122024,0.0418323143002134,206.67336722777,6.49767252132173,0.0418323143002119,206.673367227765,6.49767252132172,2021-01-17,362,6.41345895716736,0.00709192438758286,0.00709192438758122,0.0131307559176412,0.0131307559176396
12131,2021-01-10,355,"Walton","Florida",6.93509247520026,0.0199360807378152,7.13360808448116,7.07464504036497,0.0199360807378142,7.1336080844625,7.07464504036496,2021-01-17,362,7.06427050799703,0.000107630921853298,0.00010763092185315,0.00146859217185823,0.00146859217185722
12133,2021-01-10,355,"Washington","Florida",5.98141421125448,0.000721761128408828,-7932.24902994003,5.98646653915334,0.000721761128408716,-7932.24902994132,5.98646653915334,2021-01-17,362,5.95138632354057,0.00123062152743856,0.0012306215274385,0.0058944611735274,0.00589446117352725
13001,2021-01-10,355,"Appling","Georgia",5.76965938546489,-0.00133660077818283,4671.66618757248,5.76030318001761,0,354,5.76965938546489,2021-01-17,362,5.70995386856074,0.00253505316418088,0.00356474874879172,0.00881781405172034,0.0104563921668249
13003,2021-01-10,355,"Atkinson","Georgia",5.03880617106295,0.0121100688165144,-61.0840245756129,5.12357665277855,0.0121100688165132,-61.0840245756542,5.12357665277854,2021-01-17,362,5.05806398766736,0.00429190928997048,0.00429190928996944,0.0129521226443399,0.0129521226443383
13005,2021-01-10,355,"Bacon","Georgia",5.55848141010592,0.0324594809161166,183.756306224661,5.78569777651874,0.0324594809161152,183.756306224654,5.78569777651873,2021-01-17,362,5.56725339617876,0.0477179473021162,0.0477179473021119,0.0392373698114606,0.0392373698114589
13007,2021-01-10,355,"Baker","Georgia",3.55942138687705,0.0372713947972294,259.499914579487,3.82032115045765,0.0372713947972296,259.499914579488,3.82032115045766,2021-01-17,362,3.53888678443534,0.0792053023783814,0.0792053023783824,0.0795262417718793,0.0795262417718798
13009,2021-01-10,355,"Baldwin","Georgia",6.24887148938804,0.0294180059693776,142.58344478233,6.45479753117369,0.0294180059693758,142.583444782317,6.45479753117367,2021-01-17,362,6.40191719672719,0.00279632977117387,0.00279632977117255,0.00826007785191838,0.00826007785191644
13011,2021-01-10,355,"Banks","Georgia",5.76653368521967,-0.0106762579913463,895.126858108314,5.69179987928025,0,354,5.76653368521967,2021-01-17,362,5.68357976733868,6.75702403319329e-05,0.00688135249180657,0.0014462912949348,0.014595364414114
13013,2021-01-10,355,"Barrow","Georgia",7.37211802833779,0.0191276284374397,-30.4172540233932,7.50601142739986,0.0191276284374391,-30.417254023406,7.50601142739986,2021-01-17,362,7.53124610269126,0.000636788837062388,0.000636788837062612,0.00335066401327429,0.00335066401327488
13015,2021-01-10,355,"Bartow","Georgia",7.73443385216661,0.0186732652656257,-59.1982530716984,7.86514670902599,0.0186732652656234,-59.1982530717503,7.86514670902597,2021-01-17,362,7.83410948948057,0.000963308997110521,0.000963308997109529,0.00396180568922284,0.00396180568922079
13017,2021-01-10,355,"Ben Hill","Georgia",5.86606328056671,0.0250064270071526,120.417775242787,6.04110826961678,0.0250064270071526,120.417775242787,6.04110826961678,2021-01-17,362,5.99787254340331,0.00186932802120567,0.00186932802120567,0.00720851033438796,0.00720851033438796
13019,2021-01-10,355,"Berrien","Georgia",5.83397496601521,0.00376963797178278,-1192.62208193062,5.86036243181769,0.0037696379717822,-1192.62208193086,5.86036243181769,2021-01-17,362,5.87773578177964,0.000301833288900363,0.000301833288900517,0.0029557895432804,0.00295578954328115
13021,2021-01-10,355,"Bibb","Georgia",7.69504312456169,0.0212885832069321,-6.46337451221224,7.84406320701021,0.0212885832069301,-6.46337451224673,7.8440632070102,2021-01-17,362,7.81975108657341,0.000591079200133478,0.000591079200132787,0.00310906577046223,0.00310906577046041
13023,2021-01-10,355,"Bleckley","Georgia",5.67724291942159,0.0147785940961198,-29.153112433894,5.78069307809443,0.0147785940961178,-29.1531124339454,5.78069307809441,2021-01-17,362,5.76698081243482,0.000188026229519715,0.000188026229519325,0.00237772000732919,0.00237772000732673
13025,2021-01-10,355,"Brantley","Georgia",5.37923880890026,0.0192889252715665,76.1229379985351,5.51426128580123,0.0192889252715656,76.1229379985221,5.51426128580122,2021-01-17,362,5.40203367409337,0.0125950368296486,0.0125950368296473,0.020775067035599,0.0207750670355979
13027,2021-01-10,355,"Brooks","Georgia",5.11884887873649,-0.0228146777661752,579.366477195029,4.95914613437326,0,354,5.11884887873649,2021-01-17,362,5.10853950907762,0.0223183804055583,0.000106283102763085,0.0292438522671497,0.00201806595418196
13029,2021-01-10,355,"Bryan","Georgia",6.04263283368238,0.0359278710866968,186.812109904841,6.29412793128926,0.0359278710866953,186.812109904834,6.29412793128925,2021-01-17,362,6.21375058800806,0.00646051731294305,0.00646051731294134,0.0129353990223417,0.01293539902234
13031,2021-01-10,355,"Bulloch","Georgia",6.519357969496,0.0441453958858159,207.320772332439,6.82837574069672,0.0441453958858142,207.320772332434,6.8283757406967,2021-01-17,362,6.74842453911334,0.00639219463462607,0.00639219463462422,0.0118473876561837,0.011847387656182
13033,2021-01-10,355,"Burke","Georgia",5.6484710934965,0.0363862840210092,199.763727721272,5.90317508164357,0.0363862840210096,199.763727721274,5.90317508164357,2021-01-17,362,5.93262404708505,0.000867241565573536,0.000867241565573327,0.00496390218017446,0.00496390218017386
13035,2021-01-10,355,"Butts","Georgia",6.21831550321051,0.00170940212564789,-3282.71368358027,6.23028131809005,0.00170940212564918,-3282.71368357751,6.23028131809006,2021-01-17,362,6.26801344656743,0.00142371351943344,0.00142371351943277,0.00601979060814594,0.00601979060814452
13037,2021-01-10,355,"Calhoun","Georgia",4.10382330617665,0.149836101649479,327.611251487462,5.152676017723,0.149836101649468,327.61125148746,5.15267601772292,2021-01-17,362,4.70824237112791,0.197521266225808,0.197521266225739,0.0943948105391652,0.0943948105391488
13039,2021-01-10,355,"Camden","Georgia",6.28466706809114,0.016653621523713,-22.3753990471338,6.40124241875713,0.0166536215237123,-22.3753990471502,6.40124241875713,2021-01-17,362,6.38423031119107,0.000289411803839357,0.000289411803839176,0.0026647076839073,0.00266470768390647
13043,2021-01-10,355,"Candler","Georgia",4.74493212836325,0.0601588917761981,276.126669919133,5.16604437079664,0.0601588917761946,276.126669919128,5.16604437079661,2021-01-17,362,5.00681849556955,0.0253528793418314,0.0253528793418235,0.0318018069494594,0.0318018069494544
13045,2021-01-10,355,"Carroll","Georgia",7.19035301952455,0.00572386680723811,-901.205509609692,7.23042008717522,0.00572386680723991,-901.205509609298,7.23042008717523,2021-01-17,362,7.25478384586906,0.00059359273769168,0.000593592737691074,0.00335830249549244,0.00335830249549073
13047,2021-01-10,355,"Catoosa","Georgia",6.93021543634088,0.00869814687120948,-441.746196512226,6.99110246443934,0.00869814687120929,-441.746196512244,6.99110246443934,2021-01-17,362,6.9715345834162,0.000382901967735906,0.000382901967735871,0.00280682549717124,0.00280682549717111
13049,2021-01-10,355,"Charlton","Georgia",5.21726224179133,0.0156131196571856,20.8411415305982,5.32655407939163,0.0156131196571838,20.8411415305594,5.32655407939161,2021-01-17,362,5.18898070251057,0.0189264340264573,0.0189264340264539,0.0265126013697632,0.0265126013697608
13051,2021-01-10,355,"Chatham","Georgia",7.78856686074653,0.0302333932556204,97.3852891769389,8.00020061353587,0.0302333932556209,97.3852891769434,8.00020061353588,2021-01-17,362,7.96127057531843,0.00151554787561137,0.00151554787561165,0.00488992778842758,0.00488992778842803
13053,2021-01-10,355,"Chattahoochee","Georgia",4.378448813326,-0.0195214717450239,579.288868714116,4.24179851111083,0,354,4.378448813326,2021-01-17,362,4.42056029867612,0.0319557766935392,0.00177337719839392,0.0404387171505905,0.00952627778038412
13055,2021-01-10,355,"Chattooga","Georgia",6.08352269152593,0.0184094613948034,24.5436894615945,6.21238892128955,0.0184094613948016,24.5436894615627,6.21238892128954,2021-01-17,362,6.19644412779452,0.00025423643959926,0.000254236439598863,0.00257321669754305,0.00257321669754104
13057,2021-01-10,355,"Cherokee","Georgia",8.58116012065485,0.0259282330735651,24.0418473056813,8.76265775216981,0.0259282330735662,24.0418473056947,8.76265775216981,2021-01-17,362,8.71177264560569,0.00258929407004115,0.00258929407004188,0.00584095896829678,0.0058409589682976
13059,2021-01-10,355,"Clarke","Georgia",7.4732314125192,0.0288156926019287,95.6541110860199,7.6749412607327,0.0288156926019267,95.6541110860022,7.67494126073269,2021-01-17,362,7.65390144127468,0.000442674002826027,0.000442674002825429,0.00274890127857654,0.00274890127857468
13061,2021-01-10,355,"Clay","Georgia",3.42936825862885,0.0139862419747424,109.804166492907,3.52727195245205,0.0139862419747425,109.804166492909,3.52727195245205,2021-01-17,362,3.48343547989913,0.00192163632588304,0.00192163632588311,0.0125842642431232,0.0125842642431235
13063,2021-01-10,355,"Clayton","Georgia",8.00226392110322,0.0155161403226275,-160.738047910882,8.11087690336161,0.0155161403226254,-160.738047910952,8.1108769033616,2021-01-17,362,8.17843835163747,0.00456454929313128,0.0045645492931332,0.00826092285238414,0.00826092285238588
13065,2021-01-10,355,"Clinch","Georgia",4.89463638023338,0.0606246218164358,274.263226168177,5.31900873294843,0.0606246218164355,274.263226168177,5.31900873294842,2021-01-17,362,5.12481395820496,0.0377116105376653,0.0377116105376642,0.0378930389136477,0.0378930389136471
13067,2021-01-10,355,"Cobb","Georgia",9.41959361232781,0.0186564937726408,-149.896242944714,9.55018906873629,0.0186564937726423,-149.896242944673,9.5501890687363,2021-01-17,362,9.53105647706065,0.000366056064226734,0.000366056064227142,0.00200739463895607,0.00200739463895719
13069,2021-01-10,355,"Coffee","Georgia",6.72297355560136,0.00707082363049197,-595.804871812874,6.7724693210148,0.00707082363048972,-595.804871813177,6.77246932101478,2021-01-17,362,6.71260897845136,0.00358326061181253,0.00358326061181062,0.00891759713035621,0.00891759713035383
13071,2021-01-10,355,"Colquitt","Georgia",6.2131785056126,0.0379054125890817,191.087300434708,6.47851639373617,0.0379054125890805,191.087300434703,6.47851639373616,2021-01-17,362,6.42741267194122,0.00261159038129514,0.00261159038129432,0.00795090099287348,0.00795090099287223
13073,2021-01-10,355,"Columbia","Georgia",7.99014139435408,0.0223661658968162,-2.24233787836897,8.14670455563179,0.0223661658968179,-2.24233787834163,8.1467045556318,2021-01-17,362,8.1191433790622,0.000759618453899995,0.000759618453900582,0.00339459168077547,0.00339459168077678
13075,2021-01-10,355,"Cook","Georgia",5.75347925720142,0.00181405945438953,-2816.60457077609,5.76617767338215,0.00181405945439206,-2816.60457077167,5.76617767338217,2021-01-17,362,5.7184364830433,0.00227922125496995,0.00227922125497165,0.00834864398344053,0.00834864398344363
13077,2021-01-10,355,"Coweta","Georgia",7.69302574841789,0.0115312815455039,-312.144039286546,7.77374471923642,0.011531281545504,-312.144039286542,7.77374471923642,2021-01-17,362,7.75997975913434,0.000189474126611676,0.000189474126611676,0.00177383969151088,0.00177383969151088
13079,2021-01-10,355,"Crawford","Georgia",4.92725368515721,-0.0154086253528454,674.772437341227,4.81939330768729,0,354,4.92725368515721,2021-01-17,362,4.82028156560504,7.89002128445648e-07,0.0114430343614833,0.000184275110418483,0.022192089423876
13081,2021-01-10,355,"Crisp","Georgia",5.74025215443759,-0.0145854910188926,748.559061330349,5.63815371730534,0,354,5.74025215443759,2021-01-17,362,5.66494264133994,0.000717646450931224,0.00567152276300572,0.00472889590074598,0.0132939586268857
13083,2021-01-10,355,"Dade","Georgia",5.44179909002573,0.0244296521180051,132.246148912001,5.61280665485176,0.0244296521180036,132.246148911988,5.61280665485175,2021-01-17,362,5.53845849423082,0.00552764898771818,0.00552764898771659,0.0134239808239771,0.0134239808239751
13085,2021-01-10,355,"Dawson","Georgia",6.27718040210622,0.019786524366251,37.7547736067824,6.41568607266998,0.0197865243662507,37.7547736067777,6.41568607266997,2021-01-17,362,6.37624092115759,0.00155591997783519,0.00155591997783505,0.00618627056287988,0.0061862705628796
13087,2021-01-10,355,"Decatur","Georgia",5.80857139841507,0.0120795256546018,-125.860885145954,5.89312807799728,0.0120795256546016,-125.860885145962,5.89312807799728,2021-01-17,362,5.94242435168334,0.0024301225993308,0.00243012259933098,0.00829565018730012,0.00829565018730042
13089,2021-01-10,355,"DeKalb","Georgia",9.0355787382448,0.0171255279322738,-172.608770601277,9.15545743377072,0.0171255279322722,-172.608770601326,9.1554574337707,2021-01-17,362,9.17000932834839,0.000211757635799613,0.000211757635799923,0.00158690073876846,0.00158690073876962
13091,2021-01-10,355,"Dodge","Georgia",6.04161433079345,0.0409069166042957,207.308244367677,6.32796274702353,0.0409069166042944,207.308244367672,6.32796274702352,2021-01-17,362,6.17912894831243,0.0221514996387738,0.0221514996387709,0.0240865338716939,0.0240865338716923
13093,2021-01-10,355,"Dooly","Georgia",4.93652732194253,0.0228225673436469,138.699736860818,5.09628529334806,0.0228225673436446,138.699736860796,5.09628529334804,2021-01-17,362,5.06169046489654,0.0011968021555901,0.001196802155589,0.00683463927544356,0.0068346392754404
13095,2021-01-10,355,"Dougherty","Georgia",6.89929098628427,0.0650284841119396,248.903555026627,7.35449037506785,0.065028484111938,248.903555026624,7.35449037506784,2021-01-17,362,7.16582461916675,0.0355947674497342,0.0355947674497299,0.0263285477845033,0.0263285477845017
13097,2021-01-10,355,"Douglas","Georgia",7.65451092898529,0.0217637935917585,3.29151238211014,7.8068574841276,0.0217637935917576,3.29151238209668,7.80685748412759,2021-01-17,362,7.77269256428369,0.00116724174794037,0.00116724174793995,0.00439550639129805,0.00439550639129725
13099,2021-01-10,355,"Early","Georgia",4.55987391107292,0.0458796057506935,255.612181895133,4.88103115132777,0.0458796057506934,255.612181895133,4.88103115132777,2021-01-17,362,4.91160391349008,0.000934693786233037,0.000934693786233091,0.00622459846127605,0.00622459846127623
13101,2021-01-10,355,"Echols","Georgia",4.03297561584581,0.00507615303186173,-439.494490322068,4.06850868706884,0.00507615303186082,-439.494490322211,4.06850868706883,2021-01-17,362,4.00733318523247,0.00374244202493152,0.00374244202493076,0.0152658885619513,0.0152658885619498
13103,2021-01-10,355,"Effingham","Georgia",6.12280604365947,0.0218466817552075,74.7374817711166,6.27573281594592,0.0218466817552061,74.7374817710981,6.27573281594591,2021-01-17,362,6.2803958389602,2.17437836316481e-05,2.17437836317392e-05,0.000742472788951776,0.000742472788953331
13105,2021-01-10,355,"Elbert","Georgia",5.70758476060594,0.00618607730501427,-567.650086506278,5.75088730174104,0.0061860773050153,-567.650086506124,5.75088730174105,2021-01-17,362,5.92042877399123,0.0287443108127628,0.0287443108127604,0.0286366881052598,0.0286366881052586
13107,2021-01-10,355,"Emanuel","Georgia",6.07501756992626,0.0273077241538346,132.534827300019,6.26617163900311,0.0273077241538333,132.534827300008,6.2661716390031,2021-01-17,362,6.15242869713374,0.0129374568250969,0.0129374568250949,0.0184874864006715,0.0184874864006701
13109,2021-01-10,355,"Evans","Georgia",4.801676377774,0.0237540860081095,152.858929359153,4.96795497983077,0.0237540860081085,152.858929359145,4.96795497983076,2021-01-17,362,4.91580119142541,0.00272001764503081,0.00272001764503007,0.0106094177478798,0.0106094177478784
13111,2021-01-10,355,"Fannin","Georgia",5.58564223235198,0.0222171153906985,103.588323275735,5.74116204008687,0.0222171153906983,103.588323275733,5.74116204008687,2021-01-17,362,5.90067982623587,0.0254459240978799,0.0254459240978804,0.0270337979430354,0.0270337979430357
13113,2021-01-10,355,"Fayette","Georgia",7.12883956861452,0.0262226418562533,83.141824622659,7.31239806160829,0.0262226418562523,83.1418246226487,7.31239806160829,2021-01-17,362,7.25256005035039,0.00358058759130158,0.00358058759130073,0.00825060541967075,0.00825060541966977
13115,2021-01-10,355,"Floyd","Georgia",7.41285022803914,0.0134521447077911,-196.053411114873,7.50701524099368,0.0134521447077907,-196.053411114889,7.50701524099368,2021-01-17,362,7.45331353754997,0.00288387295275681,0.00288387295275653,0.0072050777379974,0.00720507773799705
13117,2021-01-10,355,"Forsyth","Georgia",8.15614133582064,0.033642890226036,112.567162600416,8.39164156740289,0.0336428902260337,112.5671626004,8.39164156740287,2021-01-17,362,8.38757250933226,1.65572335821624e-05,1.65572335820323e-05,0.000485129406166451,0.000485129406164545
13119,2021-01-10,355,"Franklin","Georgia",6.11241715752564,0.00826188366499026,-384.833360693157,6.17025034318058,0.00826188366499014,-384.833360693168,6.17025034318057,2021-01-17,362,6.1284275450342,0.00174914644479239,0.00174914644479232,0.00682439301746549,0.00682439301746534
13121,2021-01-10,355,"Fulton","Georgia",9.48647748568843,0.0207974641817276,-101.136257901247,9.63205973496053,0.0207974641817241,-101.136257901323,9.6320597349605,2021-01-17,362,9.5971564728269,0.00121823770756878,0.00121823770756705,0.00363683370511386,0.00363683370511127
13123,2021-01-10,355,"Gilmer","Georgia",6.13277808017456,0.0219444542545625,75.5317567239352,6.2863892599565,0.0219444542545597,75.5317567238991,6.28638925995648,2021-01-17,362,6.21460809842219,0.0051525351512142,0.00515253515121139,0.0115503923010899,0.0115503923010867
13125,2021-01-10,355,"Glascock","Georgia",4.10382330617665,-0.0749499356622456,409.754193848413,3.57917375654093,0,354,4.10382330617665,2021-01-17,362,3.79066214842388,0.0447273399012373,0.0980699107250531,0.0557919391394159,0.0826138404033121
13127,2021-01-10,355,"Glynn","Georgia",6.7900972355139,0.0255526963206908,89.2708123519722,6.96896610975874,0.0255526963206911,89.270812351976,6.96896610975874,2021-01-17,362,6.91543996174069,0.00286504852165039,0.00286504852165067,0.00774009293901507,0.00774009293901546
13129,2021-01-10,355,"Gordon","Georgia",6.99445708424986,0.00551689301541391,-912.825398228263,7.03307533535776,0.00551689301541103,-912.825398228925,7.03307533535774,2021-01-17,362,7.0083760081494,0.000610056764545764,0.000610056764544755,0.00352425828460717,0.00352425828460426
13131,2021-01-10,355,"Grady","Georgia",5.85874914800079,0.0622572752403218,260.894546052888,6.29455007468304,0.0622572752403201,260.894546052885,6.29455007468303,2021-01-17,362,6.1284275450342,0.0275966948569294,0.0275966948569256,0.0271068766707451,0.0271068766707432
13133,2021-01-10,355,"Greene","Georgia",5.93413805191626,0.0163969355229263,-6.9053111246979,6.04891660057675,0.0163969355229243,-6.90531112474237,6.04891660057673,2021-01-17,362,5.9100220506633,0.019291695995659,0.019291695995655,0.0235015282045958,0.0235015282045934
13135,2021-01-10,355,"Gwinnett","Georgia",9.5903313717295,0.0218071947182382,-84.7783160852298,9.74298173475717,0.021807194718237,-84.7783160852535,9.74298173475716,2021-01-17,362,9.76140542060167,0.000339432200096885,0.000339432200097212,0.00188740094798418,0.00188740094798509
13137,2021-01-10,355,"Habersham","Georgia",7.00293558022273,-0.00750521121282647,1288.07641605804,6.95039910173295,0,354,7.00293558022273,2021-01-17,362,6.83149113781195,0.0141391038838374,0.0293931968335445,0.0174058578899193,0.0250961962699253
13139,2021-01-10,355,"Hall","Georgia",8.35652129459871,0.000771980503874686,-10469.7828185506,8.36192515812584,0.000771980503875724,-10469.782818536,8.36192515812584,2021-01-17,362,8.37707690055278,0.000229575298572517,0.000229575298572302,0.00180871473508214,0.00180871473508129
13141,2021-01-10,355,"Hancock","Georgia",5.08494732706081,0.0378423531831603,220.628141504593,5.34984379934293,0.0378423531831604,220.628141504594,5.34984379934293,2021-01-17,362,5.18178355029209,0.0282442473110328,0.0282442473110331,0.032432896399421,0.0324328963994212
13143,2021-01-10,355,"Haralson","Georgia",5.90885903444382,-0.0108025741856559,901.986202815422,5.83324101514423,0,354,5.90885903444382,2021-01-17,362,5.85055909403074,0.000299915856319573,0.00339888305216823,0.00296007246626821,0.00996484942311905
13145,2021-01-10,355,"Harris","Georgia",6.07698672054614,0.035032773515771,181.53423892315,6.32221613515654,0.0350327735157698,181.534238923144,6.32221613515653,2021-01-17,362,6.2363695902037,0.00736962928033957,0.00736962928033804,0.0137654678272577,0.0137654678272563
13147,2021-01-10,355,"Hart","Georgia",6.22879273341415,-0.00645797555394621,1319.51166180212,6.18358690453652,0,354,6.22879273341415,2021-01-17,362,6.17824045425132,2.85845306521968e-05,0.00255553292855682,0.000865367789550613,0.00818231008280774
13149,2021-01-10,355,"Heard","Georgia",4.66209047624077,0.0149560911536558,43.2814882348987,4.76678311431637,0.0149560911536541,43.2814882348648,4.76678311431635,2021-01-17,362,4.69657665231195,0.00492894730717786,0.00492894730717624,0.014948433125191,0.0149484331251885
13151,2021-01-10,355,"Henry","Georgia",8.23717689973924,0.0121711528339141,-321.778692383757,8.32237496957664,0.0121711528339112,-321.778692383916,8.32237496957662,2021-01-17,362,8.32886505978739,4.21212709437462e-05,4.21212709439998e-05,0.000779228642098004,0.00077922864210035
13153,2021-01-10,355,"Houston","Georgia",8.03203531439882,0.0226722377687776,0.732574070835202,8.19074097878027,0.0226722377687789,0.732574070856037,8.19074097878028,2021-01-17,362,8.11269904034812,0.00609054415424784,0.00609054415424923,0.00961972557394456,0.00961972557394565
13155,2021-01-10,355,"Irwin","Georgia",5.24250258744164,-0.0135035810346749,743.230542252443,5.14797752019892,0,354,5.24250258744164,2021-01-17,362,5.16396931401696,0.000255737469518825,0.00616747503479562,0.00309680264261758,0.0152079279811969
13157,2021-01-10,355,"Jackson","Georgia",7.49355584591263,0.00966885953554121,-420.019620294151,7.56123786266141,0.00966885953554009,-420.019620294241,7.56123786266141,2021-01-17,362,7.56675457210952,3.04340831348086e-05,3.04340831348968e-05,0.000729072073837171,0.000729072073838228
13159,2021-01-10,355,"Jasper","Georgia",5.62607830032213,0.0208015820812926,84.5360382525039,5.77168937489118,0.0208015820812921,84.5360382524974,5.77168937489117,2021-01-17,362,5.67479493778295,0.00938853194252063,0.00938853194251994,0.0170745265988562,0.0170745265988556
13161,2021-01-10,355,"Jeff Davis","Georgia",5.55793059764364,0.0279347773315536,156.039022732223,5.75347403896451,0.027934777331553,156.039022732219,5.75347403896451,2021-01-17,362,5.61625148217034,0.01883003009313,0.0188300300931288,0.0244331218482305,0.0244331218482297
13163,2021-01-10,355,"Jefferson","Georgia",5.53845849423082,0.00846267391873377,-299.457272892243,5.59769721166195,0.00846267391873301,-299.457272892302,5.59769721166195,2021-01-17,362,5.6999656761295,0.01045883882455,0.0104588388245511,0.0179419439130714,0.0179419439130723
13165,2021-01-10,355,"Jenkins","Georgia",4.48702994368387,0.0545139090875944,272.690181849297,4.86862730729703,0.0545139090875937,272.690181849296,4.86862730729702,2021-01-17,362,4.8497956261182,0.00035463221602091,0.000354632216020709,0.00388298448648194,0.00388298448648084
13167,2021-01-10,355,"Johnson","Georgia",5.46806014113513,0.0312238404515324,179.875477774011,5.68662702429586,0.0312238404515321,179.875477774009,5.68662702429586,2021-01-17,362,5.59683339631324,0.00806289562628114,0.00806289562628082,0.0160436485462957,0.0160436485462953
13169,2021-01-10,355,"Jones","Georgia",5.93715920225044,0.0240423715542168,108.054344540769,6.10545580312996,0.0240423715542155,108.054344540756,6.10545580312995,2021-01-17,362,6.02310163205116,0.00678220949407502,0.00678220949407356,0.013673050217276,0.0136730502172745
13171,2021-01-10,355,"Lamar","Georgia",6.06444943986447,0.0137057134571769,-87.4760125631314,6.16038943406471,0.0137057134571767,-87.4760125631351,6.16038943406471,2021-01-17,362,6.12155251795475,0.00150830605293229,0.00150830605293222,0.00634429190896472,0.00634429190896457
13173,2021-01-10,355,"Lanier","Georgia",4.72358794080257,0.00892294001819304,-174.375736155529,4.78604852092992,0.00892294001819316,-174.375736155522,4.78604852092992,2021-01-17,362,4.80869395043265,0.000512815477363198,0.000512815477363158,0.00470926819967288,0.0047092681996727
13175,2021-01-10,355,"Laurens","Georgia",7.03539434590182,0.0204516496347647,10.9986860941178,7.17855589334518,0.0204516496347642,10.9986860941089,7.17855589334517,2021-01-17,362,7.06243643032939,0.0134837296910747,0.0134837296910739,0.0164418418716119,0.0164418418716114
13177,2021-01-10,355,"Lee","Georgia",6.21031317413931,0.0350400811157974,177.765445273485,6.45559374194989,0.0350400811157954,177.765445273475,6.45559374194988,2021-01-17,362,6.44503931578667,0.00011139591163483,0.00011139591163453,0.00163760462055927,0.00163760462055707
13179,2021-01-10,355,"Liberty","Georgia",5.70568542480229,0.0308904870193411,170.293121755256,5.92191883393768,0.0308904870193407,170.293121755254,5.92191883393767,2021-01-17,362,5.90808293816893,0.00019143201172357,0.000191432011723496,0.00234185875749281,0.00234185875749236
13181,2021-01-10,355,"Lincoln","Georgia",4.54025063988878,0.0262563345665533,182.079799414486,4.72404498185465,0.0262563345665532,182.079799414485,4.72404498185465,2021-01-17,362,4.89463638023338,0.0291014252008099,0.0291014252008102,0.0348527214539672,0.0348527214539674
13183,2021-01-10,355,"Long","Georgia",4.98360662170834,-0.0270286723879184,539.382220117329,4.79440591499291,0,354,4.98360662170834,2021-01-17,362,4.77912349311153,0.000233552418560417,0.0418133498807382,0.00319774575890442,0.0427867429857257
13185,2021-01-10,355,"Lowndes","Georgia",7.39773659022909,-0.00497622049178429,1841.61752477462,7.3629030467866,0,354,7.39773659022909,2021-01-17,362,7.44899925225531,0.00741255659610926,0.00262786051801382,0.0115580902283802,0.00688181865647163
13187,2021-01-10,355,"Lumpkin","Georgia",6.25080225815776,0.0113621840343822,-195.140909462716,6.33033754639843,0.0113621840343816,-195.140909462743,6.33033754639843,2021-01-17,362,6.33707854368729,4.54410444483957e-05,4.54410444484436e-05,0.00106373895200864,0.0010637389520092
13189,2021-01-10,355,"McDuffie","Georgia",5.87733554163021,0.0471302135867856,230.295800838931,6.20724703673771,0.047130213586783,230.295800838925,6.20724703673769,2021-01-17,362,6.21689120443676,9.30099706074158e-05,9.30099706077585e-05,0.00155128461829414,0.00155128461829699
13191,2021-01-10,355,"McIntosh","Georgia",4.51242813428948,0.0189879122446924,117.352591683649,4.64534352000232,0.0189879122446914,117.352591683636,4.64534352000232,2021-01-17,362,4.60517018598809,0.00161389676581902,0.00161389676581845,0.0087235286410185,0.00872352864101696
13193,2021-01-10,355,"Macon","Georgia",4.89996972620873,0.0546584125378657,265.352871613053,5.28257861397379,0.0546584125378633,265.35287161305,5.28257861397378,2021-01-17,362,5.07962816558321,0.0411888845019397,0.0411888845019329,0.0399538001158563,0.039953800115853
13195,2021-01-10,355,"Madison","Georgia",6.31948278179691,0.0210588829961282,54.913676192665,6.46689496276981,0.0210588829961278,54.9136761926591,6.4668949627698,2021-01-17,362,6.48811880110016,0.000450451313472759,0.000450451313472872,0.00327118522039847,0.00327118522039888
13197,2021-01-10,355,"Marion","Georgia",4.15664844555826,0.0112487125358724,-14.5221504063357,4.23538943330936,0.0112487125358713,-14.5221504063688,4.23538943330936,2021-01-17,362,4.55687989686031,0.103356118154204,0.103356118154208,0.0705505676751444,0.070550567675146
13199,2021-01-10,355,"Meriwether","Georgia",5.74802717645396,0.0399681450305012,211.184789860339,6.02780419166747,0.0399681450304987,211.184789860331,6.02780419166745,2021-01-17,362,5.91927780513215,0.0117779765744125,0.0117779765744086,0.0183343965443249,0.0183343965443219
13201,2021-01-10,355,"Miller","Georgia",4.97673374242057,0.0209066848193143,116.954906508042,5.12308053615577,0.0209066848193133,116.954906508031,5.12308053615577,2021-01-17,362,4.94571574799694,0.0314582680786271,0.0314582680786246,0.0358623093595028,0.0358623093595014
13205,2021-01-10,355,"Mitchell","Georgia",5.80298118820022,0.0108390395662135,-180.377802871831,5.87885446516371,0.0108390395662132,-180.377802871843,5.87885446516371,2021-01-17,362,5.89203876696997,0.0001738258141185,0.000173825814118547,0.00223764681932638,0.00223764681932668
13207,2021-01-10,355,"Monroe","Georgia",6.11241715752564,0.00571248776539118,-715.009671540553,6.15240457188338,0.00571248776539068,-715.009671540646,6.15240457188338,2021-01-17,362,6.11935505984242,0.00109227024614573,0.0010922702461455,0.00540081621637652,0.00540081621637594
13209,2021-01-10,355,"Montgomery","Georgia",5.38121314320398,0.0185804947201034,65.3837532710204,5.5112766062447,0.0185804947201023,65.3837532710021,5.51127660624469,2021-01-17,362,5.42053499927229,0.00823403923593639,0.00823403923593494,0.0167403414948152,0.0167403414948137
13211,2021-01-10,355,"Morgan","Georgia",5.81923475388082,0.0231770031154473,103.922035998591,5.98147377568895,0.023177003115447,103.922035998588,5.98147377568895,2021-01-17,362,5.93527205317179,0.00213459916355288,0.00213459916355271,0.00778426365350388,0.00778426365350358
13213,2021-01-10,355,"Murray","Georgia",6.80032913932775,0.00654275054003984,-684.368549620163,6.84612839310803,0.00654275054003683,-684.36854962064,6.84612839310801,2021-01-17,362,6.83426250217233,0.000140799367697772,0.000140799367697266,0.00173623575798,0.00173623575797688
13215,2021-01-10,355,"Muscogee","Georgia",7.75086068985214,0.0290689130346038,88.362555365401,7.95434308109437,0.029068913034604,88.3625553654031,7.95434308109437,2021-01-17,362,7.88069635914486,0.00542383965390805,0.00542383965390832,0.00934520486429436,0.00934520486429459
13217,2021-01-10,355,"Newton","Georgia",7.33012432611623,0.00619953140972478,-827.36747935787,7.37352104598431,0.00619953140972207,-827.367479358387,7.37352104598429,2021-01-17,362,7.4301141385618,0.00320277812748486,0.00320277812748697,0.00761671914079759,0.0076167191408001
13219,2021-01-10,355,"Oconee","Georgia",6.79122146272619,0.0132495071230129,-157.564082548445,6.88396801258728,0.013249507123013,-157.564082548441,6.88396801258728,2021-01-17,362,6.81501322728352,0.00475476241628671,0.00475476241628684,0.0101180706484467,0.0101180706484468
13221,2021-01-10,355,"Oglethorpe","Georgia",5.77853649657822,0.0137933221323344,-63.9372539217459,5.87508975150456,0.0137933221323339,-63.9372539217629,5.87508975150456,2021-01-17,362,5.8047045837151,0.0049540718447515,0.004954071844751,0.0121255383067953,0.0121255383067947
13223,2021-01-10,355,"Paulding","Georgia",7.97029617588859,0.0154224239820918,-161.799187024268,8.07825314376323,0.0154224239820913,-161.799187024284,8.07825314376323,2021-01-17,362,8.0659832773246,0.000150549622421885,0.000150549622421842,0.00152118669438929,0.00152118669438907
13225,2021-01-10,355,"Peach","Georgia",6.09356977004514,0.0441732988096284,217.053096910278,6.40278286171253,0.0441732988096266,217.053096910273,6.40278286171252,2021-01-17,362,6.2171762265279,0.0344498230245614,0.0344498230245568,0.0298538481815382,0.0298538481815363
13227,2021-01-10,355,"Pickens","Georgia",6.49245626181495,0.0321047801613123,152.77291016499,6.71718972294414,0.032104780161311,152.772910164982,6.71718972294413,2021-01-17,362,6.61357595455117,0.0107358130005907,0.0107358130005889,0.0156668297309962,0.0156668297309948
13229,2021-01-10,355,"Pierce","Georgia",6.0926018719215,0.00842792670925223,-367.906366192411,6.15159735888627,0.00842792670925174,-367.906366192454,6.15159735888626,2021-01-17,362,6.07633076775122,0.00566505974109003,0.0056650597410895,0.0123868489079801,0.0123868489079795
13231,2021-01-10,355,"Pike","Georgia",6.13587405787969,0.0108781181471828,-209.056574387249,6.21202088490997,0.0108781181471826,-209.056574387256,6.21202088490997,2021-01-17,362,6.15788656392648,0.00293052470834332,0.00293052470834323,0.00879105524622887,0.00879105524622873
13233,2021-01-10,355,"Polk","Georgia",6.8060389090033,0.0329585333477644,148.496912098943,7.03674864243765,0.032958533347764,148.496912098941,7.03674864243765,2021-01-17,362,6.9714005441425,0.00427037395079293,0.00427037395079258,0.00937374030962248,0.0093737403096221
13235,2021-01-10,355,"Pulaski","Georgia",5.02950377840064,0.0449191615043294,243.032109016196,5.34393790893095,0.0449191615043265,243.032109016189,5.34393790893092,2021-01-17,362,5.10940269428444,0.0550067669092818,0.0550067669092723,0.0459026678223785,0.0459026678223745
13237,2021-01-10,355,"Putnam","Georgia",5.75935232581101,0.018641139921707,46.0407652106926,5.88984030526296,0.0186411399217059,46.040765210674,5.88984030526295,2021-01-17,362,5.85548117123617,0.00118055009107085,0.0011805500910703,0.00586785834024556,0.0058678583402442
13241,2021-01-10,355,"Rabun","Georgia",5.98105339580767,-0.00862384072621877,1048.54868505673,5.92068651072413,0,354,5.98105339580767,2021-01-17,362,5.84354441703136,0.00595090261930469,0.0189087192441023,0.0132012505061035,0.0235317760870486
13243,2021-01-10,355,"Randolph","Georgia",4.10382330617665,0.031140240735724,223.214785460257,4.32180499132671,0.0311402407357244,223.214785460258,4.32180499132672,2021-01-17,362,4.38736947908438,0.00429870205492484,0.00429870205492449,0.0149439175501915,0.0149439175501909
13245,2021-01-10,355,"Richmond","Georgia",8.15818900628794,0.0177068827525873,-105.735473334281,8.28213718555605,0.0177068827525879,-105.735473334266,8.28213718555605,2021-01-17,362,8.31301157798342,0.000953228107758995,0.000953228107758776,0.00371398405231809,0.00371398405231766
13247,2021-01-10,355,"Rockdale","Georgia",6.93384064945781,0.0229474417847445,52.8381854282576,7.09447274195102,0.0229474417847433,52.8381854282421,7.09447274195101,2021-01-17,362,7.12021337216046,0.000662580043579276,0.000662580043579687,0.00361514871311115,0.00361514871311228
13249,2021-01-10,355,"Schley","Georgia",3.78743112784243,-0.0443110463249104,440.473746209266,3.47725380356806,0,354,3.78743112784243,2021-01-17,362,3.60704943586631,0.0168469061637018,0.0325375548001699,0.0359838795131662,0.0500081008545433
13251,2021-01-10,355,"Screven","Georgia",4.78510795142677,0.0352191834235926,219.133478227626,5.03164223539192,0.0352191834235898,219.133478227615,5.0316422353919,2021-01-17,362,4.90633241999656,0.0157025498344183,0.0157025498344134,0.0255404250402267,0.0255404250402227
13253,2021-01-10,355,"Seminole","Georgia",4.73117331219182,0.0113997434647253,-60.0245421602421,4.8109715164449,0.0113997434647244,-60.0245421602743,4.81097151644489,2021-01-17,362,4.89570532742228,0.00717981872275132,0.00717981872275237,0.0173077841312807,0.017307784131282
13255,2021-01-10,355,"Spalding","Georgia",7.00772988807782,0.00349628067387225,-1649.33847901476,7.03220385279493,0.00349628067387453,-1649.33847901346,7.03220385279494,2021-01-17,362,7.01660968389422,0.000243178103703745,0.000243178103704244,0.00222246492298132,0.0022224649229836
13257,2021-01-10,355,"Stephens","Georgia",6.24444425470795,-0.012401977892378,858.503901466044,6.1576304094613,0,354,6.24444425470795,2021-01-17,362,6.10765902007923,0.00249713975677498,0.0187102004124344,0.00818175821829474,0.0223956894415738
13259,2021-01-10,355,"Stewart","Georgia",3.79709303875417,0.0129034048359084,60.7293724376228,3.88741687260553,0.0129034048359085,60.7293724376248,3.88741687260553,2021-01-17,362,3.76451686831956,0.0151044110534922,0.0151044110534923,0.0326469527392062,0.0326469527392063
13261,2021-01-10,355,"Sumter","Georgia",5.83397496601521,0.0202709643736185,67.2004233006403,5.97587171663054,0.0202709643736192,67.2004233006499,5.97587171663054,2021-01-17,362,5.96431355804203,0.000133591029957133,0.000133591029957236,0.00193788580630957,0.00193788580631032
13263,2021-01-10,355,"Talbot","Georgia",4.24849524204936,0.0545208388784219,277.07575434554,4.63014111419831,0.0545208388784175,277.075754345534,4.63014111419828,2021-01-17,362,4.55387689160054,0.00581623164844243,0.00581623164843782,0.0167470980031186,0.016747098003112
13267,2021-01-10,355,"Tattnall","Georgia",5.81498304679571,0.026334351496266,134.186396611277,5.99932350726957,0.0263343514962653,134.186396611271,5.99932350726957,2021-01-17,362,5.94840791478631,0.00259239755792154,0.002592397557921,0.00855953277123068,0.00855953277122978
13269,2021-01-10,355,"Taylor","Georgia",4.71466500078438,0.00771212048633992,-256.331865099257,4.76864984418876,0.00771212048633974,-256.331865099272,4.76864984418875,2021-01-17,362,4.84643427841549,0.0060504182079738,0.00605041820797393,0.016049827514048,0.0160498275140482
13271,2021-01-10,355,"Telfair","Georgia",5.21571185388387,0.0492945582282774,249.192948646978,5.56077376148182,0.0492945582282776,249.192948646978,5.56077376148182,2021-01-17,362,5.49482355833395,0.00434942929524533,0.00434942929524544,0.0120022421917159,0.012002242191716
13273,2021-01-10,355,"Terrell","Georgia",4.54935540688169,-1.25607396694711e-15,3621884957889346,4.54935540688169,0,354,4.54935540688169,2021-01-17,362,4.55387689160054,2.04438240628377e-05,2.04438240627574e-05,0.000992886901970174,0.000992886901968224
13275,2021-01-10,355,"Thomas","Georgia",6.67474175072915,0.0189337532985413,2.46864261491178,6.80727802381894,0.0189337532985423,2.46864261493052,6.80727802381895,2021-01-17,362,6.77975955663173,0.000757266036333674,0.000757266036334065,0.00405891491539616,0.00405891491539721
13277,2021-01-10,355,"Tift","Georgia",6.72537657769832,0.0139838273527548,-125.9396174627,6.82326336916761,0.0139838273527539,-125.939617462729,6.8232633691676,2021-01-17,362,6.75826041069107,0.00422538461070217,0.00422538461070136,0.00961829739110161,0.00961829739110069
13279,2021-01-10,355,"Toombs","Georgia",6.49483387019752,0.0264698818444382,109.633061516208,6.68012304310859,0.0264698818444362,109.633061516189,6.68012304310857,2021-01-17,362,6.54617034154585,0.0179433262559556,0.0179433262559518,0.02046275831116,0.0204627583111579
13281,2021-01-10,355,"Towns","Georgia",5.16804596051072,0.00081400085895299,-5993.94411187493,5.17374396652339,0.000814000858951225,-5993.9441118887,5.17374396652338,2021-01-17,362,5.12055682108164,0.00282887244024211,0.00282887244024079,0.0103869847167358,0.0103869847167334
13283,2021-01-10,355,"Treutlen","Georgia",5.10247625966657,0.0416911818848371,232.612578272282,5.39431453286043,0.0416911818848371,232.612578272282,5.39431453286043,2021-01-17,362,5.25002707742026,0.0208188697973986,0.0208188697973986,0.0274831830983752,0.0274831830983752
13285,2021-01-10,355,"Troup","Georgia",6.83364730682842,0.0231898960807555,60.3178986645211,6.9959765793937,0.0231898960807548,60.3178986645127,6.9959765793937,2021-01-17,362,6.98365755877002,0.000151758269126748,0.000151758269126638,0.00176397833370477,0.00176397833370413
13287,2021-01-10,355,"Turner","Georgia",5.28102586943798,0.0190761470608165,78.1607696983258,5.41455889886369,0.0190761470608152,78.1607696983069,5.41455889886368,2021-01-17,362,5.36330221663745,0.00262724747284233,0.00262724747284142,0.00955692596759564,0.00955692596759398
13289,2021-01-10,355,"Twiggs","Georgia",5.08494732706081,0.0106667678041986,-121.709291924333,5.1596147016902,0.0106667678041976,-121.709291924379,5.15961470169019,2021-01-17,362,5.08140436498446,0.00611685676762482,0.0061168567676237,0.0153914806002605,0.0153914806002591
13291,2021-01-10,355,"Union","Georgia",5.78426464619091,0.0204179307920565,71.7066190448031,5.9271901617353,0.020417930792056,71.7066190447962,5.9271901617353,2021-01-17,362,5.86848948474917,0.0034457694786299,0.00344576947862948,0.0100026893016812,0.0100026893016806
13293,2021-01-10,355,"Upson","Georgia",6.58931940484702,0.0260685341833635,102.230919909098,6.77179914413057,0.026068534183362,102.230919909083,6.77179914413056,2021-01-17,362,6.68139226504095,0.00817340378672396,0.00817340378672203,0.0135311437352136,0.013531143735212
13295,2021-01-10,355,"Walker","Georgia",7.03338050003556,0.0133174648805311,-173.132085432993,7.12660275419928,0.0133174648805294,-173.132085433061,7.12660275419927,2021-01-17,362,7.1375055293472,0.000118870505926117,0.000118870505926389,0.00152753298797344,0.00152753298797519
13297,2021-01-10,355,"Walton","Georgia",7.6419758510309,0.0210607022235868,-7.85475051597795,7.78940076659601,0.0210607022235845,-7.85475051601847,7.78940076659599,2021-01-17,362,7.74469354110422,0.00199873601117364,0.00199873601117213,0.00577262679982227,0.00577262679982009
13299,2021-01-10,355,"Ware","Georgia",6.55738693716881,0.0265093094429266,107.638334420344,6.7429521032693,0.0265093094429272,107.63833442035,6.7429521032693,2021-01-17,362,6.68728671811723,0.00309863510412806,0.00309863510412855,0.00832406138669947,0.00832406138670014
13301,2021-01-10,355,"Warren","Georgia",4.14539973302238,0.0849567224759716,306.205747912476,4.74009679035419,0.0849567224759653,306.205747912472,4.74009679035414,2021-01-17,362,4.67948221895265,0.00367412626619245,0.00367412626618706,0.0129532646060801,0.0129532646060706
13303,2021-01-10,355,"Washington","Georgia",5.64038615809741,0.0493991775865539,240.820241678827,5.98618040120329,0.0493991775865519,240.820241678823,5.98618040120327,2021-01-17,362,5.94429806405465,0.00175413016503212,0.00175413016503093,0.00704580031104109,0.0070458003110387
13305,2021-01-10,355,"Wayne","Georgia",6.21916910974975,0.0379700734586928,191.208662684956,6.4849596239606,0.0379700734586912,191.208662684949,6.48495962396059,2021-01-17,362,6.43316974023129,0.00268219205669587,0.00268219205669467,0.00805044570881353,0.00805044570881173
13307,2021-01-10,355,"Webster","Georgia",3.42472787907235,0.028303776162851,234.001025892533,3.62285431221231,0.0283037761628497,234.001025892528,3.6228543122123,2021-01-17,362,3.30111392310517,0.10351687798281,0.103516877982805,0.097464188332068,0.0974641883320654
13309,2021-01-10,355,"Wheeler","Georgia",4.33822401201549,0.0380273955892397,240.918455766057,4.60441578114017,0.0380273955892401,240.918455766058,4.60441578114017,2021-01-17,362,4.52334016774046,0.00657325508813894,0.00657325508813937,0.0179238373399204,0.017923837339921
13311,2021-01-10,355,"White","Georgia",6.47389069635227,0.00464037955650236,-1040.12094162226,6.50637335324779,0.00464037955650198,-1040.12094162238,6.50637335324779,2021-01-17,362,6.46035148165364,0.00211801266502837,0.00211801266502813,0.00712374113464942,0.00712374113464901
13313,2021-01-10,355,"Whitfield","Georgia",7.9198755362968,0.00166285633826437,-4407.81405317508,7.93151553066465,0.00166285633826568,-4407.81405317132,7.93151553066466,2021-01-17,362,7.93369446301748,4.74774619821053e-06,4.74774619817183e-06,0.000274642836699506,0.000274642836698387
13315,2021-01-10,355,"Wilcox","Georgia",5.05442431121992,-0.0180673387939725,634.754775667689,4.92795293966211,0,354,5.05442431121992,2021-01-17,362,4.95783710852928,0.000893063548881589,0.00932908772360205,0.00602766250947602,0.0194817216815113
13317,2021-01-10,355,"Wilkes","Georgia",4.96484063890662,0.0272882015488455,173.059074724304,5.15585804974854,0.0272882015488438,173.059074724293,5.15585804974853,2021-01-17,362,5.16560196744084,9.49439319944076e-05,9.49439319946326e-05,0.00188630826643657,0.0018863082664388
13319,2021-01-10,355,"Wilkinson","Georgia",5.07249165001389,0.0117065722321598,-78.302895964622,5.15443765563901,0.0117065722321605,-78.3028959645963,5.15443765563901,2021-01-17,362,5.13495774763547,0.000379466815826362,0.00037946681582657,0.00379358681432375,0.00379358681432479
13321,2021-01-10,355,"Worth","Georgia",5.92806823054919,0.0328786141823822,174.69835475226,6.15821852982586,0.0328786141823807,174.698354752252,6.15821852982585,2021-01-17,362,6.05343280365797,0.0109800484085324,0.0109800484085302,0.017310132872801,0.0173101328727992
15001,2021-01-10,355,"Hawaii","Hawaii",5.37792041714701,-1.25607396694711e-15,4281531628442624,5.377920417147,0,354,5.37792041714701,2021-01-17,362,5.38252720383985,2.12224836334554e-05,2.12224836333736e-05,0.000855878013875604,0.000855878013873954
15003,2021-01-10,355,"Honolulu","Hawaii",7.68871708526962,0.0174893090068087,-84.6238343250925,7.81114224831728,0.017489309006808,-84.6238343251103,7.81114224831728,2021-01-17,362,7.75270344221635,0.00341509405850279,0.00341509405850217,0.00753786166806214,0.00753786166806145
15009,2021-01-10,355,"Maui","Hawaii",6.30078579466324,0.038749002669943,192.39489120966,6.57202881335285,0.0387490026699417,192.394891209655,6.57202881335284,2021-01-17,362,6.50813022735566,0.0040830292924401,0.00408302929243897,0.00981827095724104,0.00981827095723967
16001,2021-01-10,355,"Ada","Idaho",8.90464949094441,-0.0143831963649405,974.100877510773,8.80396711638982,0,354,8.90464949094441,2021-01-17,362,8.74161592422883,0.00388767116389723,0.0265799438760028,0.00713268492935931,0.018650277949607
16003,2021-01-10,355,"Adams","Idaho",4.81681935787657,-0.0228581380760461,565.72667169354,4.65681239134425,0,354,4.81681935787657,2021-01-17,362,4.5013957134859,0.0241543437565252,0.0994920754406917,0.0345263308872687,0.0700724096407877
16005,2021-01-10,355,"Bannock","Idaho",6.8388644431057,-0.0138310586934072,849.457047338361,6.74204703225185,0,354,6.8388644431057,2021-01-17,362,6.78816704350399,0.00212705543789734,0.00257022632637568,0.00679417742029096,0.00746849617530075
16007,2021-01-10,355,"Bear Lake","Idaho",3.9756682705885,0.0327004613109349,233.421645713632,4.20457149976505,0.0327004613109345,233.421645713631,4.20457149976504,2021-01-17,362,4.12482757894718,0.00635909290740666,0.00635909290740624,0.0193326676792205,0.0193326676792199
16009,2021-01-10,355,"Benewah","Idaho",4.77551555173533,-0.00360794137619408,1678.61229127645,4.75025996210198,0,354,4.77551555173533,2021-01-17,362,4.68213122712422,0.00464152452966928,0.00872063208307398,0.0145507957109525,0.0199448328295726
16011,2021-01-10,355,"Bingham","Idaho",6.08547518157022,-0.00486461150658483,1605.96838120224,6.05142290102413,0,354,6.08547518157022,2021-01-17,362,6.01580866692605,0.00126837367039242,0.00485342326266607,0.00592010751503375,0.0115805735357215
16013,2021-01-10,355,"Blaine","Idaho",4.54329478227,-0.0030349036951556,1852.01448171886,4.52205045640391,0,354,4.54329478227,2021-01-17,362,4.95280438527468,0.185548947237598,0.167698114953045,0.0869717225561036,0.0826823696534832
16015,2021-01-10,355,"Boise","Idaho",3.55534806148941,-0.0746908926015876,402.600824379676,3.0325118132783,0,354,3.55534806148941,2021-01-17,362,3.30111392310517,0.0721470934034463,0.064634997119978,0.081367113066553,0.0770146515104509
16017,2021-01-10,355,"Bonner","Idaho",6.45294985539906,-0.00292233545053383,2563.14823097064,6.43249350724532,0,354,6.45294985539906,2021-01-17,362,6.36105571631326,0.00510335797325307,0.0084445327983203,0.0112304928801137,0.0144463660096755
16019,2021-01-10,355,"Bonneville","Idaho",7.13511848644053,-0.0169266058855583,776.532735781848,7.01663224524162,0,354,7.13511848644053,2021-01-17,362,6.9403607530167,0.00581734052621558,0.0379305747283856,0.0109895573067675,0.0280616152898351
16021,2021-01-10,355,"Boundary","Idaho",4.96184512992683,0.00400802139754354,-882.978702650606,4.98990127970963,0.00400802139754219,-882.978702651023,4.98990127970962,2021-01-17,362,5.05987887019819,0.00489686317058485,0.00489686317058622,0.0138298944072985,0.0138298944073004
16023,2021-01-10,355,"Butte","Idaho",3.11033565629299,0.038965968533383,275.178151003014,3.38309743602667,0.0389659685333807,275.17815100301,3.38309743602666,2021-01-17,362,3.19575340744735,0.0350977850443325,0.0350977850443265,0.0586228049206628,0.0586228049206578
16027,2021-01-10,355,"Canyon","Idaho",7.92008319905323,-0.0133039656263596,950.317473111993,7.82695543966872,0,354,7.92008319905323,2021-01-17,362,7.89899444604852,0.00518961844018899,0.000444735503293961,0.00912002241194618,0.00266980223226599
16029,2021-01-10,355,"Caribou","Idaho",4.29436569611546,0.0137391758833058,42.4364421425402,4.3905399272986,0.0137391758833045,42.4364421425122,4.39053992729859,2021-01-17,362,4.44433051801004,0.00289342764908546,0.00289342764908642,0.0121031931566429,0.0121031931566449
16031,2021-01-10,355,"Cassia","Idaho",5.41292074928704,0.0070310292845743,-414.861784129202,5.46213795427906,0.00703102928457433,-414.861784129199,5.46213795427906,2021-01-17,362,5.36062124988419,0.0103056412711948,0.0103056412711948,0.0189374887093656,0.0189374887093656
16035,2021-01-10,355,"Clearwater","Idaho",4.39268392914787,-0.0415284586965845,460.775269947814,4.10198471827178,0,354,4.39268392914787,2021-01-17,362,4.49184150068109,0.15198831079054,0.00983222399236525,0.0867921947713864,0.0220750379367088
16037,2021-01-10,355,"Custer","Idaho",3.26902560855367,0.0109290705321907,55.8871340957099,3.34552910227901,0.0109290705321907,55.8871340957116,3.34552910227901,2021-01-17,362,3.29583686600433,0.00246931834597846,0.0024693183459785,0.0150772742386738,0.0150772742386739
16039,2021-01-10,355,"Elmore","Idaho",5.54517744447956,-0.0361683258389103,508.31584517285,5.29199916360719,0,354,5.54517744447956,2021-01-17,362,5.23568179555655,0.00317164594415101,0.0957875567022748,0.0107564535527032,0.0591127690734899
16041,2021-01-10,355,"Franklin","Idaho",4.81334512160838,-0.00923794098493525,876.040903969589,4.74867953471383,0,354,4.81334512160838,2021-01-17,362,4.55387689160054,0.0379480697639241,0.0673237623834002,0.0427773187001601,0.0569774361899017
16043,2021-01-10,355,"Fremont","Idaho",3.97298370521783,0.00269179166571167,-1120.96255528469,3.99182624687781,0.00269179166571032,-1120.96255528543,3.9918262468778,2021-01-17,362,4.02279741093005,0.000959213002750728,0.000959213002751306,0.00769891219679368,0.007698912196796
16045,2021-01-10,355,"Gem","Idaho",5.19295685089021,-0.0157483569681397,684.745945014836,5.08271835211323,0,354,5.19295685089021,2021-01-17,362,5.21726224179133,0.0181020582497113,0.000590752026856093,0.0257882167778286,0.00465864849698866
16047,2021-01-10,355,"Gooding","Idaho",4.42227703729518,0.00861331767811529,-158.423189827457,4.48257026104199,0.00861331767811535,-158.423189827454,4.48257026104199,2021-01-17,362,4.3603651378927,0.0149340921239316,0.0149340921239318,0.0280263508409627,0.028026350840963
16049,2021-01-10,355,"Idaho","Idaho",5.09899496807406,0.0122808561013648,-60.1986576495597,5.18496096078361,0.0122808561013645,-60.1986576495677,5.18496096078361,2021-01-17,362,4.92621795228367,0.0669479444475992,0.0669479444475983,0.052523662372671,0.0525236623726707
16051,2021-01-10,355,"Jefferson","Idaho",5.40845218136616,-0.0240213825752402,580.151577534129,5.24030250333948,0,354,5.40845218136616,2021-01-17,362,5.24927717112339,8.05446618315876e-05,0.0253366838857855,0.0017096959240945,0.0303232245228735
16053,2021-01-10,355,"Jerome","Idaho",5.19849703126583,0.0231547270765977,130.488736530179,5.36058012080201,0.023154727076597,130.488736530173,5.36058012080201,2021-01-17,362,5.24401202169049,0.0135881217304727,0.0135881217304715,0.0222288008931643,0.0222288008931633
16055,2021-01-10,355,"Kootenai","Idaho",8.00384056795045,-0.00533258417400825,1855.93093831735,7.9665124787324,0,354,8.00384056795045,2021-01-17,362,7.95035135838908,0.000261181810751288,0.002861095539501,0.00203275548649401,0.00672790511389626
16057,2021-01-10,355,"Latah","Idaho",5.37792041714701,0.0112770680997229,-121.889947776331,5.45685989384507,0.0112770680997221,-121.889947776368,5.45685989384506,2021-01-17,362,5.5639729120996,0.0114731986795963,0.0114731986795976,0.0192511753645679,0.019251175364569
16061,2021-01-10,355,"Lewis","Idaho",3.72397077392521,-0.0438518825288545,439.921571416571,3.41700759622322,0,354,3.72397077392521,2021-01-17,362,3.391627930646,0.000644127424811528,0.110451765478904,0.00748303354501093,0.0979891810290346
16063,2021-01-10,355,"Lincoln","Idaho",3.34739467566918,-0.0297051544139176,467.687334629738,3.13945859477175,0,354,3.34739467566918,2021-01-17,362,3.35739475900376,0.0474961716801605,0.000100001666698623,0.0649122846360419,0.00297852473492013
16065,2021-01-10,355,"Madison","Idaho",6.02240935095741,0.0150011534522893,-46.4630854961582,6.12741742512343,0.015001153452288,-46.4630854961919,6.12741742512342,2021-01-17,362,6.11841181185549,8.11010703317234e-05,8.11010703315635e-05,0.00147188740229802,0.00147188740229656
16067,2021-01-10,355,"Minidoka","Idaho",5.27373189107542,-0.00146305805175943,3959.59510457114,5.26349048471311,0,354,5.27373189107542,2021-01-17,362,5.15329159449778,0.0121437954046895,0.0145058650397103,0.0213841751809632,0.0233715275701141
16069,2021-01-10,355,"Nez Perce","Idaho",5.79083353339818,-0.036850784906697,512.142746024544,5.5328780390513,0,354,5.79083353339818,2021-01-17,362,5.56561449933555,0.0010716758319422,0.0507236133041041,0.00588191300136886,0.0404661577063086
16071,2021-01-10,355,"Oneida","Idaho",3.50941096630239,0.0129034048359077,83.0244237136264,3.59973480015374,0.0129034048359071,83.0244237136135,3.59973480015374,2021-01-17,362,3.60316593583991,1.17726920968715e-05,1.17726920969019e-05,0.000952255807048942,0.000952255807050175
16073,2021-01-10,355,"Owyhee","Idaho",4.51399430532222,-0.0139862419747399,677.745331696306,4.41609061149904,0,354,4.51399430532222,2021-01-17,362,4.42227703729518,3.82718641311043e-05,0.00841205725434433,0.00139892316649624,0.0207398286569445
16075,2021-01-10,355,"Payette","Idaho",5.46322629486481,-0.0102441389985616,888.302632425419,5.39151732187488,0,354,5.46322629486481,2021-01-17,362,5.42306025313948,0.0009949565127632,0.00161331090788116,0.00581644492080613,0.00740652691477658
16077,2021-01-10,355,"Power","Idaho",3.391627930646,-0.0423592738391409,435.068132034692,3.09511301377202,0,354,3.391627930646,2021-01-17,362,3.26902560855367,0.0302455906236882,0.0150313293824318,0.053200132273849,0.0375042403374059
16079,2021-01-10,355,"Shoshone","Idaho",5.16723195965177,-0.0477037979572121,463.319089483955,4.83330537395129,0,354,5.16723195965177,2021-01-17,362,4.80402104473326,0.000857571937749981,0.131922168715945,0.00609579536503805,0.0756056044585215
16081,2021-01-10,355,"Teton","Idaho",5.00106584308011,0.0523059527019394,259.388208516568,5.36720751199368,0.0523059527019392,259.388208516567,5.36720751199368,2021-01-17,362,5.18977719797283,0.0314815163335392,0.0314815163335385,0.0341884260638705,0.0341884260638701
16083,2021-01-10,355,"Twin Falls","Idaho",6.55128439585423,0.0262547380107716,105.472299774371,6.73506756192963,0.0262547380107714,105.472299774369,6.73506756192963,2021-01-17,362,6.5840018147687,0.0228208599652918,0.0228208599652915,0.0229443659663151,0.022944365966315
16085,2021-01-10,355,"Valley","Idaho",5.238719003662,0.0122045755924699,-74.2422103472614,5.32415103280929,0.0122045755924685,-74.2422103473106,5.32415103280928,2021-01-17,362,5.27519494912718,0.00239669812948955,0.0023966981294886,0.00928043117917529,0.00928043117917344
16087,2021-01-10,355,"Washington","Idaho",4.9507841825674,-0.0180365610958562,629.486037346931,4.8245282548964,0,354,4.9507841825674,2021-01-17,362,4.80402104473326,0.000420545668675432,0.0215394186269227,0.00426875943552085,0.0305500613897266
17001,2021-01-10,355,"Adams","Illinois",7.18300322422514,0.0140932031616836,-154.678540912131,7.28165564635692,0.0140932031616821,-154.678540912188,7.28165564635691,2021-01-17,362,7.09719430354496,0.0340259869919937,0.0340259869919898,0.0259907415413201,0.0259907415413186
17003,2021-01-10,355,"Alexander","Illinois",3.7744016275521,0,354,3.7744016275521,0,354,3.7744016275521,2021-01-17,362,3.88890058800729,0.01311001194532,0.01311001194532,0.029442501258142,0.029442501258142
17005,2021-01-10,355,"Bond","Illinois",5.52146091786225,-0.0102331762800299,894.564722307912,5.44982868390204,0,354,5.52146091786225,2021-01-17,362,5.51342874616498,0.00404496791985061,6.45157821743217e-05,0.0115354827623708,0.00145683785300582
17007,2021-01-10,355,"Boone","Illinois",6.49332150089121,-0.00882580263484965,1090.72022506504,6.43154088244727,0,354,6.49332150089121,2021-01-17,362,6.44003475575097,7.21458836993697e-05,0.00283947720764128,0.0013189173080345,0.00827429465231666
17009,2021-01-10,355,"Brown","Illinois",4.62637239363869,0.112378088316478,313.832077828109,5.41301901185404,0.112378088316471,313.832077828106,5.41301901185399,2021-01-17,362,5.12055682108164,0.0855341330313912,0.0855341330313616,0.057115310110087,0.0571153101100771
17011,2021-01-10,355,"Bureau","Illinois",5.89203876696997,-0.010204170174245,932.414788891044,5.82060957575025,0,354,5.89203876696997,2021-01-17,362,5.72917170866102,0.00836088353782829,0.0265256786822103,0.0159600500280002,0.0284276797050323
17013,2021-01-10,355,"Calhoun","Illinois",4.0943445622221,0.0192313619278873,142.100644375846,4.22896409571731,0.0192313619278863,142.100644375835,4.2289640957173,2021-01-17,362,4.29631311639985,0.00453589058689711,0.00453589058689807,0.0156760037869342,0.0156760037869359
17015,2021-01-10,355,"Carroll","Illinois",4.856484614269,-0.00995033085316708,843.072676771671,4.78683229829683,0,354,4.856484614269,2021-01-17,362,4.87519732320115,0.00780837762634109,0.000350165475579372,0.0181254252999749,0.00383834903319626
17017,2021-01-10,355,"Cass","Illinois",5.70805903142346,-0.00943848441470346,959.764364767222,5.64198964052054,0,354,5.70805903142346,2021-01-17,362,5.57865107723005,0.00401177359970326,0.0167464186085244,0.0113537416865903,0.0231969973389458
17019,2021-01-10,355,"Champaign","Illinois",7.53063326369552,0.00299298024735821,-2161.09855104875,7.55158412542703,0.00299298024735872,-2161.09855104832,7.55158412542704,2021-01-17,362,7.54145571518412,0.000102584694048662,0.000102584694048734,0.00134303118992214,0.00134303118992262
17021,2021-01-10,355,"Christian","Illinois",6.04365030027855,-0.00405954549388077,1843.75047942893,6.01523348182139,0,354,6.04365030027855,2021-01-17,362,6.13494627058567,0.0143311517937229,0.00833495419431896,0.0195132578973441,0.0148812990824134
17023,2021-01-10,355,"Clark","Illinois",5.7249846823068,0.0150308137460588,-25.8832162402342,5.83020037852921,0.0150308137460584,-25.8832162402442,5.83020037852921,2021-01-17,362,5.78733549747448,0.00183739802783633,0.0018373980278361,0.00740666945495691,0.00740666945495645
17025,2021-01-10,355,"Clay","Illinois",5.05897184065754,-0.0063319976375055,1153.95352624461,5.01464785719501,0,354,5.05897184065754,2021-01-17,362,4.94571574799694,0.00475163567849359,0.0128269425247466,0.0139377418174468,0.0228998386545912
17027,2021-01-10,355,"Clinton","Illinois",6.5049295418109,-0.00256136746224195,2894.63152015571,6.48699996957521,0,354,6.5049295418109,2021-01-17,362,6.48703148991333,9.93531715537536e-10,0.000320340261728061,4.85897720311348e-06,0.00275905118163806
17029,2021-01-10,355,"Coles","Illinois",6.44322237229341,-0.00340406546796498,2247.80213113683,6.41939391401765,0,354,6.44322237229341,2021-01-17,362,6.29103989900614,0.0164747531695745,0.0231595051758286,0.0204026706350703,0.0241903525856362
17031,2021-01-10,355,"Cook","Illinois",10.8062471501259,-0.00341730435165181,3517.21384990264,10.7823260196644,0,354,10.8062471501259,2021-01-17,362,10.8004352657636,0.000327944794281795,3.37779998413494e-05,0.00167671447063026,0.000538115753609946
17033,2021-01-10,355,"Crawford","Illinois",5.52374402387682,-0.00738429938756339,1103.03901277078,5.47205392816387,0,354,5.52374402387682,2021-01-17,362,5.4368363006836,0.0012402812853393,0.00755295235062889,0.00647759570687189,0.0159849806738323
17035,2021-01-10,355,"Cumberland","Illinois",5.16885929931115,-0.00729043326267965,1063.99206028961,5.11782626647239,0,354,5.16885929931115,2021-01-17,362,5.12566321515622,6.14177646728787e-05,0.00186590168632019,0.00152896285902085,0.00842741365199471
17037,2021-01-10,355,"DeKalb","Illinois",6.86216000570922,0.00209549545321794,-2919.71958728012,6.87682847388175,0.00209549545321774,-2919.71958728043,6.87682847388175,2021-01-17,362,6.90202460427315,0.000634844986700526,0.000634844986700616,0.00365054195486388,0.00365054195486414
17039,2021-01-10,355,"De Witt","Illinois",5.43434563937115,0.0297396165924631,172.269142577031,5.64252295551839,0.0297396165924626,172.269142577028,5.64252295551838,2021-01-17,362,5.55129707414801,0.00832216143180295,0.0083221614318023,0.0164332551747616,0.016433255174761
17041,2021-01-10,355,"Douglas","Illinois",5.63478960316925,-0.0156925518396348,714.074142991672,5.52494174029181,0,354,5.63478960316925,2021-01-17,362,5.4614075614141,0.00403659188566403,0.0300613324031836,0.0116332974902999,0.03174676854006
17043,2021-01-10,355,"DuPage","Illinois",9.08409664540193,-0.00451183300249343,2368.39381142469,9.05251381438448,0,354,9.08409664540193,2021-01-17,362,9.09057501567702,0.00144865504383144,4.19692814211483e-05,0.00418688600302012,0.000712646918805045
17045,2021-01-10,355,"Edgar","Illinois",5.35185813347607,-0.0705714037800056,430.836073066643,4.85785830701603,0,354,5.35185813347607,2021-01-17,362,4.9406214934752,0.00684974503287545,0.169115574079204,0.0167515739808183,0.0832358116370513
17047,2021-01-10,355,"Edwards","Illinois",4.63749907310345,-0.0055172553747593,1195.54457481149,4.59887828548013,0,354,4.63749907310345,2021-01-17,362,4.58642414316704,0.000155105660754902,0.0026086484680095,0.00271543623623485,0.0111361113455906
17049,2021-01-10,355,"Effingham","Illinois",6.38060668118422,-0.00265861183787269,2754.97678122494,6.36199639831911,0,354,6.38060668118422,2021-01-17,362,6.36548812938133,1.21921858108782e-05,0.000228570608616608,0.000548540974588269,0.00237508129708152
17051,2021-01-10,355,"Fayette","Illinois",5.88252621010227,-0.0447806957051593,486.362992858204,5.56906134016616,0,354,5.88252621010227,2021-01-17,362,5.78294567479723,0.0457465086005769,0.00991628301163864,0.0369853612084248,0.0172196906049153
17053,2021-01-10,355,"Ford","Illinois",5.54852006597625,-0.0295912001745643,542.505746074659,5.3413816647543,0,354,5.54852006597625,2021-01-17,362,5.32787616878958,0.0001823984212531,0.0486837293657225,0.0025348742232103,0.0414131053719289
17055,2021-01-10,355,"Franklin","Illinois",6.71521021116757,-0.0237882355979485,637.291226834272,6.54869256198193,0,354,6.71521021116757,2021-01-17,362,6.52356230614951,0.000631529758202657,0.0367289194978094,0.00385222898978465,0.0293777994328951
17057,2021-01-10,355,"Fulton","Illinois",6.19760725674217,-0.0218462266764993,638.692344152464,6.04468367000667,0,354,6.19760725674217,2021-01-17,362,5.88172939731111,0.0265540949897405,0.0997788220787485,0.0277051631736171,0.0537049289577087
17059,2021-01-10,355,"Gallatin","Illinois",4.64576358295334,-0.0122700925918144,733.624981693505,4.55987293481064,0,354,4.64576358295334,2021-01-17,362,4.41019751164058,0.0224027323011379,0.0554913739537307,0.0339384852435749,0.0534139504389533
17061,2021-01-10,355,"Greene","Illinois",5.02763287046483,0.000936768218393475,-5011.99769670564,5.03419024799358,0.000936768218392281,-5011.99769671249,5.03419024799358,2021-01-17,362,5.07517381523383,0.00167965278373552,0.00167965278373617,0.00807530317823307,0.00807530317823465
17063,2021-01-10,355,"Grundy","Illinois",6.36573379944767,0.00221320636265113,-2521.24954765734,6.38122624398622,0.00221320636264988,-2521.24954765897,6.38122624398622,2021-01-17,362,6.37283210363709,7.04615922010209e-05,7.04615922008718e-05,0.00131717581957745,0.00131717581957606
17065,2021-01-10,355,"Hamilton","Illinois",4.9416424226093,-0.00914175995809345,895.557009291666,4.87765010290265,0,354,4.9416424226093,2021-01-17,362,5.01158722182164,0.0179391518243189,0.00489227493685361,0.0267254889500462,0.0139566161609993
17067,2021-01-10,355,"Hancock","Illinois",5.4192699769657,0.0185249628444734,62.4612228665037,5.54894471687701,0.0185249628444728,62.4612228664945,5.54894471687701,2021-01-17,362,5.39232800101028,0.0245287956888823,0.0245287956888809,0.0290443600310282,0.0290443600310274
17069,2021-01-10,355,"Hardin","Illinois",4.07753744390572,0.0395113122738446,251.800758839768,4.35411662982263,0.0395113122738424,251.800758839762,4.35411662982262,2021-01-17,362,4.53259949315326,0.0318561325026984,0.0318561325027038,0.0393775941598707,0.039377594159874
17071,2021-01-10,355,"Henderson","Illinois",3.97298370521783,0.0355714657848689,243.309811879953,4.22198396571191,0.0355714657848663,243.309811879944,4.2219839657119,2021-01-17,362,4.1155467698727,0.0113288766581146,0.0113288766581106,0.0258622248247475,0.025862224824743
17073,2021-01-10,355,"Henry","Illinois",6.17527309302352,0.00267817449173321,-1950.77698058319,6.19402031446565,0.00267817449173346,-1950.77698058297,6.19402031446565,2021-01-17,362,6.08123995777746,0.0127194088547144,0.0127194088547148,0.0185456185697701,0.0185456185697704
17075,2021-01-10,355,"Iroquois","Illinois",5.81071318548354,0.00385852568752673,-1150.94129884053,5.83772286529623,0.00385852568752831,-1150.94129883991,5.83772286529624,2021-01-17,362,5.79909265446053,0.00149229318921114,0.00149229318921197,0.00666142328420864,0.00666142328421047
17077,2021-01-10,355,"Jackson","Illinois",6.3235906181253,0.00462250437886724,-1013.00100115317,6.35594814877737,0.00462250437886791,-1013.00100115297,6.35594814877738,2021-01-17,362,6.39978272419855,0.00192147000235515,0.00192147000235476,0.00684938494168485,0.00684938494168415
17079,2021-01-10,355,"Jasper","Illinois",5.01348836307866,0.0308606939693066,192.544535840154,5.22951322086381,0.0308606939693057,192.544535840149,5.2295132208638,2021-01-17,362,5.07159599388594,0.0249378505763786,0.0249378505763766,0.0311375801953157,0.0311375801953145
17081,2021-01-10,355,"Jefferson","Illinois",6.44956728367683,-0.00630490717276881,1377.94405087085,6.40543293346744,0,354,6.44956728367683,2021-01-17,362,6.40333765151148,4.39020647500359e-06,0.00213717889014354,0.000327217159237739,0.00721961493853716
17083,2021-01-10,355,"Jersey","Illinois",5.92501944769983,-0.0233884670864843,608.33081581579,5.76130017809444,0,354,5.92501944769983,2021-01-17,362,5.77321969185142,0.000142074808202896,0.0230431658756361,0.00206462154450943,0.0262937778139059
17085,2021-01-10,355,"Jo Daviess","Illinois",4.93447393313069,-0.0501106837656183,453.471494745723,4.58369914677136,0,354,4.93447393313069,2021-01-17,362,4.72485617179056,0.0199253057122712,0.0439396058692467,0.0298754120521105,0.0443648978336391
17087,2021-01-10,355,"Johnson","Illinois",5.4249500174814,0.0636578517719823,269.77956188479,5.87055497988528,0.0636578517719775,269.779561884784,5.87055497988525,2021-01-17,362,5.57540783114393,0.0871118394101496,0.0871118394101297,0.0529373200454818,0.0529373200454758
17089,2021-01-10,355,"Kane","Illinois",8.6169868120559,-0.0066748524351696,1645.96289329982,8.57026284500972,0,354,8.6169868120559,2021-01-17,362,8.58300768387035,0.000162430917583525,0.00115458115225026,0.00148489193183233,0.00395888357986777
17091,2021-01-10,355,"Kankakee","Illinois",6.86141211845576,-0.00418098264717166,1996.10035785423,6.83214523992556,0,354,6.86141211845576,2021-01-17,362,6.86886593948997,0.00134840977649984,5.55594480100496e-05,0.00534596247588712,0.00108516035978491
17093,2021-01-10,355,"Kendall","Illinois",7.37891894940557,0.000446010444034827,-16189.2739023156,7.38204102251381,0.00044601044403425,-16189.273902337,7.38204102251381,2021-01-17,362,7.36861004183053,0.000180391242114568,0.000180391242114449,0.00182272919954124,0.00182272919954064
17095,2021-01-10,355,"Knox","Illinois",6.53066935947563,-0.00415714587467992,1925.95025201117,6.50156933835287,0,354,6.53066935947563,2021-01-17,362,6.52293278141988,0.000456396699677368,5.9854640012704e-05,0.00327512850168594,0.00118605822181497
17097,2021-01-10,355,"Lake","Illinois",8.70634848778876,-0.0092270685716183,1298.56603294017,8.64175900778743,0,354,8.70634848778876,2021-01-17,362,8.70008601357848,0.00340203960454976,3.92185832343266e-05,0.00670418725746186,0.000719817505309527
17099,2021-01-10,355,"LaSalle","Illinois",7.03639975003326,0.00566859236612256,-886.295774253443,7.07607989659612,0.00566859236612061,-886.295774253871,7.0760798965961,2021-01-17,362,7.12585757305693,0.00247781707383759,0.00247781707383891,0.00698549977325198,0.00698549977325385
17101,2021-01-10,355,"Lawrence","Illinois",6.29368330525066,-0.036801250557341,526.018191228156,6.03607455134927,0,354,6.29368330525066,2021-01-17,362,5.93413805191626,0.0103910499166549,0.129272789195292,0.0171779791001133,0.060589297078838
17103,2021-01-10,355,"Lee","Illinois",5.9632120341561,-0.0189234176633666,670.12341693436,5.83074811051253,0,354,5.9632120341561,2021-01-17,362,5.95842469302978,0.0163013097232841,2.29186350597247e-05,0.0214279090690878,0.000803457519890638
17105,2021-01-10,355,"Livingston","Illinois",6.1761642263069,0.0176730674406064,5.5324133989171,6.29987569839115,0.0176730674406045,5.53241339887875,6.29987569839114,2021-01-17,362,6.31974001652502,0.000394591134923474,0.000394591134924003,0.00314321761368746,0.00314321761368957
17107,2021-01-10,355,"Logan","Illinois",6.04905937364256,0.00812462153649615,-389.534295717029,6.10593172439804,0.00812462153649562,-389.534295717077,6.10593172439803,2021-01-17,362,6.114945603879,8.12500232973917e-05,8.12500232974558e-05,0.00147407353472592,0.0014740735347265
17109,2021-01-10,355,"McDonough","Illinois",5.40010006085798,-0.0336219426962603,515.612374770915,5.16474646198415,0,354,5.40010006085798,2021-01-17,362,5.20870520785835,0.00193237133883208,0.0366319897547489,0.00843947662998376,0.0367451881728439
17111,2021-01-10,355,"McHenry","Illinois",8.02528277983483,-0.00512678229566024,1920.36445610888,7.98939530376521,0,354,8.02528277983483,2021-01-17,362,8.01857842503821,0.000851654567235055,4.49483732388859e-05,0.00363943828021714,0.000836102665739333
17113,2021-01-10,355,"McLean","Illinois",7.55463411291616,0.00502494776163181,-1148.42540286684,7.58980874724758,0.00502494776162887,-1148.42540286772,7.58980874724756,2021-01-17,362,7.57960585968157,0.000104098914684688,0.000104098914684271,0.00134609737694737,0.00134609737694468
17115,2021-01-10,355,"Macon","Illinois",6.71642180802716,0.0176254453672801,-26.0639486305139,6.83979992559812,0.0176254453672797,-26.0639486305226,6.83979992559812,2021-01-17,362,6.84039372922727,3.52602749986651e-07,3.52602749989815e-07,8.68083991435415e-05,8.68083991439311e-05
17117,2021-01-10,355,"Macoupin","Illinois",6.36573379944767,0.00319842811721874,-1635.269459294,6.3881227962682,0.00319842811721838,-1635.26945929422,6.38812279626819,2021-01-17,362,6.48572515399928,0.00952622023466581,0.00952622023466633,0.0150487964589274,0.0150487964589278
17119,2021-01-10,355,"Madison","Illinois",8.26034511335064,-0.00922885491338611,1250.05634132023,8.19574312895693,0,354,8.26034511335064,2021-01-17,362,8.25445457117208,0.00344703344698253,3.46984871573394e-05,0.00711269796313268,0.00071361979495623
17121,2021-01-10,355,"Marion","Illinois",6.35461845714442,1.25607396694701e-15,-5059111664092041,6.35461845714443,0,354,6.35461845714442,2021-01-17,362,6.2947387143196,0.00358558360076806,0.003585583600767,0.00951266534520563,0.00951266534520422
17123,2021-01-10,355,"Marshall","Illinois",4.53872508657994,-0.0211488244929777,569.608858666683,4.3906833151291,0,354,4.53872508657994,2021-01-17,362,4.52643614544559,0.0184288309389381,0.000151018074203582,0.0299911069005321,0.00271492643207116
17125,2021-01-10,355,"Mason","Illinois",5.35388721770285,0.0218587938124986,110.069412172159,5.50689877439034,0.0218587938124966,110.069412172137,5.50689877439032,2021-01-17,362,5.32091719846528,0.0345891465835674,0.0345891465835621,0.0349529167600464,0.0349529167600437
17127,2021-01-10,355,"Massac","Illinois",5.08229128300269,0.00622500898584418,-461.431156093098,5.1258663459036,0.00622500898584466,-461.431156093035,5.1258663459036,2021-01-17,362,5.05987887019819,0.00435434694997172,0.00435434694997219,0.0130413152959179,0.0130413152959186
17129,2021-01-10,355,"Menard","Illinois",4.89463638023338,-0.00320341971753644,1882.94101673244,4.87221244221062,0,354,4.89463638023338,2021-01-17,362,5.06980227143192,0.0390417406117002,0.0306830894393783,0.038973872873643,0.0345508329162243
17131,2021-01-10,355,"Mercer","Illinois",4.93241631923601,-0.0314268133534846,511.94929879644,4.71242862576162,0,354,4.93241631923601,2021-01-17,362,4.86423230105983,0.0230443558340429,0.00464906033465063,0.0312081467131267,0.0140174263801774
17133,2021-01-10,355,"Monroe","Illinois",6.49180684085913,-0.00216309839912627,3356.1611323282,6.47666515206524,0,354,6.49180684085913,2021-01-17,362,6.40025744530882,0.0058381376517755,0.00838129182562654,0.0119382239557297,0.0143040176637597
17135,2021-01-10,355,"Montgomery","Illinois",6.86036413572641,0.0359904656833297,164.383846375068,7.11229739550972,0.0359904656833265,164.383846375051,7.1122973955097,2021-01-17,362,7.07930473879418,0.00108851539714934,0.00108851539714787,0.00466043742046309,0.00466043742045995
17137,2021-01-10,355,"Morgan","Illinois",5.93678205723371,-0.00789032836751134,1107.41254618484,5.88154975866113,0,354,5.93678205723371,2021-01-17,362,5.86484796747404,0.000278949828857199,0.00517451326955234,0.00284777905236726,0.0122652948820858
17139,2021-01-10,355,"Moultrie","Illinois",5.23568179555655,-0.021069251911375,603.498704063141,5.08819703217693,0,354,5.23568179555655,2021-01-17,362,5.02575845567047,0.00389857583615224,0.0440678086289259,0.0124237121734343,0.0417694844942708
17141,2021-01-10,355,"Ogle","Illinois",6.60375023249843,-0.00270688487015466,2794.61252482863,6.58480203840734,0,354,6.60375023249843,2021-01-17,362,6.53191831883865,0.00279668779542036,0.00515982382002574,0.00809620037901781,0.0109970624483481
17143,2021-01-10,355,"Peoria","Illinois",7.73280753042202,-0.0105241186801956,1089.77008055541,7.65913869966065,0,354,7.73280753042202,2021-01-17,362,7.6885207951522,0.000863307535474447,0.00196131492085925,0.0038215537519355,0.00576011126844391
17145,2021-01-10,355,"Perry","Illinois",6.79889658834659,-0.00840674314222895,1163.74322830136,6.74004938635098,0,354,6.79889658834659,2021-01-17,362,6.55311907173325,0.034942942523084,0.0604065876726176,0.0285253957041695,0.0375054251148114
17147,2021-01-10,355,"Piatt","Illinois",5.13411635086728,0.00421763594420536,-862.297182304481,5.16363980247672,0.00421763594420543,-862.297182304459,5.16363980247672,2021-01-17,362,5.0706995348389,0.00863789334858811,0.00863789334858828,0.018328884801644,0.0183288848016441
17149,2021-01-10,355,"Pike","Illinois",5.50996653843651,0.00173560934514338,-2819.65825697161,5.52211580385251,0.00173560934514416,-2819.65825697017,5.52211580385252,2021-01-17,362,5.40845218136616,0.0129194190767202,0.0129194190767214,0.0210159244594896,0.0210159244594906
17151,2021-01-10,355,"Pope","Illinois",4.12943588203337,0.00692044284457371,-241.701103495312,4.17787898194539,0.00692044284457349,-241.701103495331,4.17787898194538,2021-01-17,362,4.12019794104843,0.00332710247895576,0.00332710247895556,0.013999580049854,0.0139995800498536
17153,2021-01-10,355,"Pulaski","Illinois",4.27864828022005,-0.0254168129841281,523.33929111773,4.10073058933115,0,354,4.27864828022005,2021-01-17,362,4.08236837117539,0.000337171055599881,0.0385258026945802,0.00449793269157568,0.0480799112668385
17155,2021-01-10,355,"Putnam","Illinois",3.63758615972639,0.0305367238600828,235.878309788779,3.85134322674697,0.0305367238600804,235.87830978877,3.85134322674695,2021-01-17,362,3.66356164612965,0.0352619220191386,0.0352619220191325,0.0512565636272833,0.0512565636272788
17157,2021-01-10,355,"Randolph","Illinois",6.38976116573753,-0.0055004323779169,1516.68343263179,6.35125813909212,0,354,6.38976116573753,2021-01-17,362,6.30078579466324,0.00254745755214661,0.0079166166578076,0.00801048410051033,0.0141213134319932
17159,2021-01-10,355,"Richland","Illinois",5.74117000672782,-0.00548949228477421,1400.84717655067,5.7027435607344,0,354,5.74117000672782,2021-01-17,362,5.65748919068535,0.00204795800853603,0.007002478973533,0.00799902015253594,0.0147911579186471
17161,2021-01-10,355,"Rock Island","Illinois",7.12539801422531,-0.0177681212025138,756.021466085971,7.00102116580772,0,354,7.12539801422531,2021-01-17,362,7.02756799946572,0.000704734377265482,0.009570711787863,0.00377752782470657,0.013920891945412
17163,2021-01-10,355,"St. Clair","Illinois",8.26550318240964,0.0126104143216453,-300.450564238974,8.35377608266116,0.0126104143216459,-300.450564238942,8.35377608266116,2021-01-17,362,8.35076748071337,9.05168568024953e-06,9.05168568027091e-06,0.000360278495927372,0.000360278495927798
17165,2021-01-10,355,"Saline","Illinois",6.11620743369942,-0.0106617504147615,928.658845477322,6.04157518079609,0,354,6.11620743369942,2021-01-17,362,5.91157063788722,0.0169011811769466,0.041876218200288,0.0219915401290616,0.0346163157555276
17167,2021-01-10,355,"Sangamon","Illinois",7.33059242517453,-0.0165231643649482,798.655480467498,7.2149302746199,0,354,7.33059242517453,2021-01-17,362,7.30018339262669,0.0072680941298798,0.000924709260496004,0.0116782159326159,0.00416551624970962
17169,2021-01-10,355,"Schuyler","Illinois",4.35853865336667,0.00918280098233503,-119.641524056897,4.42281826024301,0.0091828009823347,-119.641524056914,4.42281826024301,2021-01-17,362,4.4576640488795,0.00121422898569882,0.00121422898569901,0.00781705131979323,0.00781705131979383
17171,2021-01-10,355,"Scott","Illinois",4.06290303638728,0.00739830748144412,-194.166555536864,4.11469118875739,0.00739830748144499,-194.1665555368,4.1146911887574,2021-01-17,362,4.16998197642772,0.00305707120120563,0.00305707120120494,0.0132592390046004,0.0132592390045989
17173,2021-01-10,355,"Shelby","Illinois",5.35860579740484,0.00404313219235256,-970.360028430545,5.38690772275131,0.00404313219235242,-970.360028430592,5.38690772275131,2021-01-17,362,5.36864268326877,0.000333611667298692,0.00033361166729866,0.00340217082046847,0.0034021708204683
17175,2021-01-10,355,"Stark","Illinois",4.38914410244275,-0.0279738520424089,511.901670023446,4.19332713814588,0,354,4.38914410244275,2021-01-17,362,4.29436569611546,0.0102087901965709,0.00898294630594069,0.0235281680973211,0.0220704087714333
17177,2021-01-10,355,"Stephenson","Illinois",5.98321633825149,-0.0164289409466913,719.18758565545,5.86821375162465,0,354,5.98321633825149,2021-01-17,362,5.89203876696997,0.000567631356204823,0.00831334950479616,0.00404359446493834,0.015474706614737
17179,2021-01-10,355,"Tazewell","Illinois",7.71122919452201,-0.00542248784879877,1777.08325948213,7.67327177958042,0,354,7.71122919452201,2021-01-17,362,7.63419906637076,0.00152667691756401,0.00593364064299762,0.00511811558356843,0.010090138792761
17181,2021-01-10,355,"Union","Illinois",5.9138890315068,0.0151665360974288,-34.9301062230944,6.0200547841888,0.0151665360974285,-34.9301062231023,6.0200547841888,2021-01-17,362,5.94878070137031,0.00507999488161655,0.00507999488161629,0.0119812927045821,0.0119812927045818
17183,2021-01-10,355,"Vermilion","Illinois",7.39861140438689,-0.0249570398722785,651.453884044359,7.22391212528094,0,354,7.39861140438689,2021-01-17,362,7.23221690055621,6.8969292372774e-05,0.0276871309050572,0.00114830284952233,0.023007399545481
17185,2021-01-10,355,"Wabash","Illinois",5.39037551096598,-0.0307913998597185,530.061073401138,5.17483571194795,0,354,5.39037551096598,2021-01-17,362,5.19533497329518,0.000420219715781715,0.0380408113349179,0.00394570541699265,0.0375414749334444
17187,2021-01-10,355,"Warren","Illinois",5.2447658852769,-0.0406109699954079,484.146530749449,4.96048909530904,0,354,5.2447658852769,2021-01-17,362,4.96484063890662,1.89359316816245e-05,0.0783581435554601,0.000876471958329884,0.0563815168963657
17189,2021-01-10,355,"Washington","Illinois",5.70330617076532,-0.00712084660955022,1155.93091221994,5.65346024449847,0,354,5.70330617076532,2021-01-17,362,5.70616059706117,0.00277732716023285,8.14774947843158e-06,0.0092356938901863,0.000500235884934371
17191,2021-01-10,355,"Wayne","Illinois",5.49950740764638,-0.0162228355068867,693.997914717917,5.38594755909817,0,354,5.49950740764638,2021-01-17,362,5.33822465713989,0.00227747537131934,0.0260121256109369,0.00893984517763742,0.0302128068534486
17193,2021-01-10,355,"White","Illinois",5.69757275802189,-0.0180441742813168,670.756912408081,5.57126353805267,0,354,5.69757275802189,2021-01-17,362,5.57269706775994,2.05500742161943e-06,0.0155939380183983,0.000257241635394346,0.0224084834943568
17195,2021-01-10,355,"Whiteside","Illinois",6.54391184556479,-0.00594324938251277,1456.06634004277,6.5023090998872,0,354,6.54391184556479,2021-01-17,362,6.37939588069727,0.0151076594516326,0.0270655026962919,0.0192672192615986,0.0257886433048173
17197,2021-01-10,355,"Will","Illinois",8.89290576423211,-0.0013530607705945,6927.43632917151,8.88343433883795,0,354,8.89290576423211,2021-01-17,362,8.88167756224645,3.08626399242004e-06,0.000126072519830684,0.000197797834832602,0.00126419833493886
17199,2021-01-10,355,"Williamson","Illinois",7.05518957677565,0.00879099328281058,-447.547488071794,7.11672652975532,0.00879099328280919,-447.547488071921,7.11672652975531,2021-01-17,362,7.06010842584725,0.00320560969014551,0.00320560969014441,0.00801943829938844,0.00801943829938705
17201,2021-01-10,355,"Winnebago","Illinois",7.87261846425362,0.000108873162870259,-71955.0005245112,7.87338057639372,0.000108873162870893,-71955.0005240903,7.87338057639372,2021-01-17,362,7.88640358402629,0.000169598727798084,0.000169598727797969,0.0016513240152903,0.00165132401528974
17203,2021-01-10,355,"Woodford","Illinois",6.42833603304099,-0.0052928440211356,1569.53343559173,6.39128612489304,0,354,6.42833603304099,2021-01-17,362,6.344382442169,0.00219995545307744,0.00704820542030144,0.00739294693401317,0.0132327443430866
18001,2021-01-10,355,"Adams","Indiana",6.0694171599664,0.00496772010193332,-866.771161705414,6.10419120067994,0.00496772010193425,-866.771161705185,6.10419120067994,2021-01-17,362,6.03479767181436,0.00481546184841827,0.00481546184841914,0.0114988989920383,0.0114988989920394
18003,2021-01-10,355,"Allen","Indiana",8.50506277160941,0.00725629399335861,-817.094567749563,8.55585682956292,0.00725629399336114,-817.094567749154,8.55585682956294,2021-01-17,362,8.51633568100211,0.00156192118356551,0.00156192118356691,0.00464062832198722,0.0046406283219893
18005,2021-01-10,355,"Bartholomew","Indiana",6.98405472565152,-0.00396301707579743,2117.30750261055,6.95631360612094,0,354,6.98405472565152,2021-01-17,362,6.95231883654592,1.59581839575497e-05,0.0010071666573234,0.000574595278056931,0.00456479195671848
18007,2021-01-10,355,"Benton","Indiana",4.95884062090652,-0.0218262632608912,582.196041834238,4.80605677808028,0,354,4.95884062090652,2021-01-17,362,4.81218435537242,3.75472034710692e-05,0.0215080602204099,0.00127334633081804,0.0304760280786781
18009,2021-01-10,355,"Blackford","Indiana",5.25152520504128,0.069741654749197,279.700306811952,5.73971678828566,0.0697416547491931,279.700306811948,5.73971678828563,2021-01-17,362,5.40845218136616,0.109736239797528,0.10973623979751,0.0612494288219478,0.0612494288219429
18011,2021-01-10,355,"Boone","Indiana",7.12585757305693,-0.00275292672140372,2943.4661286674,7.10658708600711,0,354,7.12585757305693,2021-01-17,362,7.03815677859773,0.00468270697214212,0.00769142934877572,0.00972275974548737,0.0124607617048108
18013,2021-01-10,355,"Brown","Indiana",5.43184875917256,-0.0062305497506372,1226.8089055652,5.3882349109181,0,354,5.43184875917256,2021-01-17,362,5.295456134267,0.00860790139687435,0.0186029481286283,0.0175204504198845,0.0257565394646476
18015,2021-01-10,355,"Carroll","Indiana",5.8348107370626,-0.00333611652200861,2103.98289630171,5.81145792140854,0,354,5.8348107370626,2021-01-17,362,5.65399181015318,0.0247955761938857,0.0326954843286744,0.0278504314372352,0.0319807550100646
18017,2021-01-10,355,"Cass","Indiana",6.54164823723123,-0.00431699714540175,1870.3237347398,6.51142925721342,0,354,6.54164823723123,2021-01-17,362,6.47035712377096,0.00168692014551491,0.00508242285840485,0.00634773825567744,0.0110181110712355
18019,2021-01-10,355,"Clark","Indiana",7.67826024736066,0.0139806551172637,-194.206040987259,7.77612483318151,0.0139806551172628,-194.206040987296,7.7761248331815,2021-01-17,362,7.72090525193678,0.00304920215284292,0.00304920215284224,0.00715195685517245,0.00715195685517165
18021,2021-01-10,355,"Clay","Indiana",5.85956447621554,0.0172630674237826,15.5722301621169,5.98040594818202,0.017263067423781,15.5722301620856,5.98040594818201,2021-01-17,362,5.87292229474809,0.0115527357555058,0.0115527357555033,0.0183015623295495,0.0183015623295475
18023,2021-01-10,355,"Clinton","Indiana",6.5698820614453,-0.0101624865841987,1001.4837131161,6.4987446553559,0,354,6.5698820614453,2021-01-17,362,6.38784085789827,0.0122996522905248,0.0331389997888508,0.0173617032616758,0.0284980805872681
18025,2021-01-10,355,"Crawford","Indiana",5.06440171825191,0.0172967443742657,62.2049162160956,5.18547892887177,0.0172967443742644,62.2049162160734,5.18547892887177,2021-01-17,362,5.18418836107026,1.66556525030078e-06,1.66556525027785e-06,0.000248943076837982,0.000248943076836269
18027,2021-01-10,355,"Daviess","Indiana",5.91311683069622,0.00658789439402797,-542.573105612705,5.95923209145442,0.00658789439402874,-542.573105612602,5.95923209145443,2021-01-17,362,5.99858201487685,0.0015484164733508,0.00154841647335038,0.00655987087028834,0.00655987087028745
18029,2021-01-10,355,"Dearborn","Indiana",6.82700994357115,0.0123102450564636,-199.57953210985,6.9131816589664,0.0123102450564634,-199.579532109858,6.9131816589664,2021-01-17,362,6.83763932809795,0.00570664375303763,0.0057066437530375,0.0110480133922856,0.0110480133922855
18031,2021-01-10,355,"Decatur","Indiana",6.01998258602922,-0.00277296538170556,2525.95482898763,6.00057182835728,0,354,6.01998258602922,2021-01-17,362,6.0031813507752,6.80960724966474e-06,0.000282281506060652,0.000434689919469158,0.00279872192297544
18033,2021-01-10,355,"DeKalb","Indiana",6.35437004079735,-0.00939670613506101,1031.23377271403,6.28859309785192,0,354,6.35437004079735,2021-01-17,362,6.23944007412337,0.00241601974165934,0.0132088972396813,0.00787779402392213,0.0184199167407059
18035,2021-01-10,355,"Delaware","Indiana",7.24310443620612,0.00399202126954214,-1459.3952517159,7.27104858509291,0.00399202126953924,-1459.39525171721,7.27104858509289,2021-01-17,362,7.27931883541462,6.83970403837228e-05,6.83970403840607e-05,0.00113612969959127,0.00113612969959408
18037,2021-01-10,355,"Dubois","Indiana",7.25941768109732,-0.0199996716317945,717.976843557604,7.11941997967476,0,354,7.25941768109732,2021-01-17,362,7.09281118926005,0.000708027727334299,0.0277577231223248,0.0037515154012569,0.023489486381585
18039,2021-01-10,355,"Elkhart","Indiana",7.68123084069278,-0.0191290311400754,756.548347349414,7.54732762271225,0,354,7.68123084069278,2021-01-17,362,7.54236494391777,2.46281808172e-05,0.0192837372871277,0.000657973835976184,0.0184114528808358
18041,2021-01-10,355,"Fayette","Indiana",5.91427490841685,-1.25607396694711e-15,4708540312153708,5.91427490841684,0,354,5.91427490841685,2021-01-17,362,5.8352283607897,0.00624835669176972,0.00624835669177112,0.0135464360158207,0.0135464360158222
18043,2021-01-10,355,"Floyd","Indiana",7.07798015554314,0.00810602708456369,-518.174994569379,7.13472234513508,0.00810602708456365,-518.174994569383,7.13472234513508,2021-01-17,362,7.13386585289976,7.33578949172246e-07,7.33578949172246e-07,0.000120060042196755,0.000120060042196755
18045,2021-01-10,355,"Fountain","Indiana",5.85915689520318,0.00983211525631395,-240.920281898705,5.92798170199737,0.00983211525631589,-240.920281898588,5.92798170199739,2021-01-17,362,5.86119314107067,0.00446071187066041,0.00446071187066219,0.0113950452270041,0.0113950452270064
18047,2021-01-10,355,"Franklin","Indiana",5.69757275802189,-0.0085878390392837,1018.44661700799,5.6374578847469,0,354,5.69757275802189,2021-01-17,362,5.68114726796362,0.00190876220585728,0.00026979672365425,0.00769023951607202,0.0028912276488399
18049,2021-01-10,355,"Fulton","Indiana",5.58938655338878,-0.00585575269221601,1309.51205800045,5.54839628454326,0,354,5.58938655338878,2021-01-17,362,5.56779909878439,0.000376469200475694,0.000466018196296366,0.00348482657094497,0.0038771971153014
18051,2021-01-10,355,"Gibson","Indiana",6.39311285668945,0.0129903197896821,-137.144378290622,6.48404509521722,0.0129903197896812,-137.144378290654,6.48404509521721,2021-01-17,362,6.47565281134567,7.04304285806335e-05,7.04304285805292e-05,0.00129597495666284,0.00129597495666188
18053,2021-01-10,355,"Grant","Indiana",7.05420289687321,0.00172903587597895,-3724.84761616311,7.06630614800506,0.00172903587598139,-3724.84761615735,7.06630614800508,2021-01-17,362,6.99759598298193,0.00472108677750656,0.00472108677750888,0.00981911004725597,0.00981911004725839
18055,2021-01-10,355,"Greene","Indiana",6.2483191557645,0.0184002961052187,15.4229018905647,6.37712122850103,0.0184002961052192,15.4229018905744,6.37712122850104,2021-01-17,362,6.25575004175337,0.0147309649725371,0.0147309649725379,0.0194015403329077,0.0194015403329083
18057,2021-01-10,355,"Hamilton","Indiana",8.68965679404255,-0.00321690350636774,3056.24881795232,8.66713846949797,0,354,8.68965679404255,2021-01-17,362,8.66351740583951,1.31121020186369e-05,0.000683267615629045,0.00041796691676543,0.0030171796256123
18059,2021-01-10,355,"Hancock","Indiana",7.29989388719644,0.00940612995628321,-421.07835753111,7.36573679689042,0.00940612995628509,-421.078357530954,7.36573679689044,2021-01-17,362,7.32909373624659,0.00134271389334748,0.00134271389334846,0.00499967144131477,0.00499967144131659
18061,2021-01-10,355,"Harrison","Indiana",6.6547046505,0.00831413565226677,-445.408476458482,6.71290360006586,0.00831413565226669,-445.40847645849,6.71290360006586,2021-01-17,362,6.68139226504095,0.000992964235052126,0.00099296423505207,0.00471628274091717,0.00471628274091703
18063,2021-01-10,355,"Hendricks","Indiana",8.06175722239048,0.00587413012554034,-1017.41720052106,8.10287613326926,0.00587413012554094,-1017.41720052092,8.10287613326926,2021-01-17,362,8.0481491016652,0.00299504798819173,0.00299504798819212,0.00679995249997745,0.00679995249997789
18065,2021-01-10,355,"Henry","Indiana",6.97354301952014,-0.00200441037243104,3834.09944761577,6.95951214691312,0,354,6.97354301952014,2021-01-17,362,6.88097119507532,0.00616868111558817,0.00856954268104264,0.011414224767285,0.0134533079445346
18067,2021-01-10,355,"Howard","Indiana",7.38194655634871,0.000444661842003409,-16246.2593369595,7.38505918924274,0.000444661842004201,-16246.2593369299,7.38505918924274,2021-01-17,362,7.34674726541008,0.00146780350775882,0.00146780350775923,0.00521481445442265,0.00521481445442338
18069,2021-01-10,355,"Huntington","Indiana",6.41579813952053,0.000233672159025487,-27101.4080131632,6.41743384463371,0.000233672159025033,-27101.4080132165,6.4174338446337,2021-01-17,362,6.27664348934164,0.0198219241432652,0.0198219241432642,0.0224308351320476,0.022430835132047
18071,2021-01-10,355,"Jackson","Indiana",6.42115758378329,-0.0206999111371816,665.202181121902,6.27625820582301,0,354,6.42115758378329,2021-01-17,362,6.26990764277714,4.03296509996346e-05,0.0228765446543629,0.00101286389013894,0.0241231529431514
18073,2021-01-10,355,"Jasper","Indiana",6.16361551069756,-0.00210241855486684,3286.67861196313,6.14889858081349,0,354,6.16361551069756,2021-01-17,362,6.11146733950268,0.0014010978260683,0.00271943175897055,0.0061247551907655,0.00853283970901887
18075,2021-01-10,355,"Jay","Indiana",5.09375020080676,-0.0190978026565899,621.719176671831,4.96006558221063,0,354,5.09375020080676,2021-01-17,362,5.03509559166642,0.00562950231893512,0.00344036317340654,0.0149014071510314,0.0116491550304275
18077,2021-01-10,355,"Jefferson","Indiana",6.22625430305659,-0.0145783350016116,782.089534049554,6.12420595804531,0,354,6.22625430305659,2021-01-17,362,6.12655722029946,5.52843418778192e-06,0.00993950831028255,0.000383781978948569,0.0162729375034319
18079,2021-01-10,355,"Jennings","Indiana",5.76339818433055,-0.0204269979991856,637.146117827022,5.62040919833626,0,354,5.76339818433055,2021-01-17,362,5.63069961791772,0.00010589273516269,0.01760890952802,0.00182755612619146,0.0235669766489696
18081,2021-01-10,355,"Johnson","Indiana",8.07633773920166,0.00427160923614405,-1535.70144124234,8.10623900385466,0.00427160923614345,-1535.70144124261,8.10623900385466,2021-01-17,362,8.04705240990842,0.00350305290295795,0.00350305290295753,0.00735506505131869,0.00735506505131825
18083,2021-01-10,355,"Knox","Indiana",6.13277808017456,-0.00464037955650236,1676.61130474359,6.10029542327904,0,354,6.13277808017456,2021-01-17,362,6.14968855232288,0.0024396811967408,0.000285964068279008,0.0080318098426589,0.00274980952359443
18085,2021-01-10,355,"Kosciusko","Indiana",7.05654467399564,0.0273305836232476,96.8077575191885,7.24785875935837,0.0273305836232467,96.80775751918,7.24785875935837,2021-01-17,362,7.14000014454269,0.0116334807899575,0.0116334807899562,0.0151062482678128,0.0151062482678119
18087,2021-01-10,355,"LaGrange","Indiana",5.58992031374305,0.00160213652428059,-3134.04118283747,5.60113526941302,0.00160213652427998,-3134.04118283878,5.60113526941301,2021-01-17,362,5.60053612469071,3.5897439826865e-07,3.58974398263329e-07,0.000106979887097925,0.000106979887097133
18089,2021-01-10,355,"Lake","Indiana",8.72951265883767,-0.00761895294382435,1500.76277386166,8.6761799882309,0,354,8.72951265883767,2021-01-17,362,8.66576096886687,0.000108555964508016,0.00406427797413305,0.00120232018878218,0.00735673303242941
18091,2021-01-10,355,"LaPorte","Indiana",7.43670144386132,-0.00445135745302011,2025.65923650228,7.40554194169018,0,354,7.43670144386132,2021-01-17,362,7.39712376464633,7.08657047416266e-05,0.00156639269204483,0.00113803382391478,0.00535041463063644
18093,2021-01-10,355,"Lawrence","Indiana",6.76470937888698,-0.0109828167319021,970.935742534731,6.68782966176367,0,354,6.76470937888698,2021-01-17,362,6.63444561731856,0.00284985620131702,0.0169686475779542,0.00804649665161953,0.0196344606742091
18095,2021-01-10,355,"Madison","Indiana",7.68819355931041,-0.00143903740165531,5697.59467507011,7.67812029749882,0,354,7.68819355931041,2021-01-17,362,7.63219346384502,0.00210927404946373,0.00313601069213233,0.00601751434516985,0.00733735271919766
18097,2021-01-10,355,"Marion","Indiana",9.61108961595138,-0.0061339058554364,1921.8792189618,9.56815227496333,0,354,9.61108961595138,2021-01-17,362,9.5558936993744,0.00015027267546939,0.00304658920677283,0.00128282879389163,0.00577611245095711
18099,2021-01-10,355,"Marshall","Indiana",6.41579813952053,-0.020809999513797,663.303617944193,6.27012814292395,0,354,6.41579813952053,2021-01-17,362,6.35262939631957,0.00680645681184797,0.003990290117589,0.0129869457587775,0.009943716099283
18101,2021-01-10,355,"Martin","Indiana",5.01727983681492,0.0200675630508114,104.980611790725,5.1577527781706,0.0200675630508096,104.980611790702,5.15775277817059,2021-01-17,362,5.02669610224644,0.0171758523042922,0.0171758523042887,0.0260721303334009,0.0260721303333982
18103,2021-01-10,355,"Miami","Indiana",6.25657229752122,-0.00791380852823684,1145.58929404186,6.20117563782356,0,354,6.25657229752122,2021-01-17,362,6.17348844055698,0.000766580892478772,0.00690292728805478,0.00448485447622976,0.0134581700061865
18105,2021-01-10,355,"Monroe","Indiana",7.16151116891303,-0.000997064282459745,7537.59724563161,7.15453171893581,0,354,7.16151116891303,2021-01-17,362,7.1705590073108,0.000256873972655172,8.18633796722358e-05,0.00223515187011945,0.00126180377130281
18107,2021-01-10,355,"Montgomery","Indiana",6.56082858445707,-0.0126520414473475,873.558891208229,6.47226429432563,0,354,6.56082858445707,2021-01-17,362,6.48703148991333,0.000218070065525406,0.0054460111630965,0.00227641805202613,0.0113760962403957
18109,2021-01-10,355,"Morgan","Indiana",7.02324998412051,-0.00228833051801259,3424.15890376718,7.00723167049442,0,354,7.02324998412051,2021-01-17,362,6.98788589487954,0.00037425903414109,0.00125061880784283,0.00276847331308755,0.00506077085014753
18111,2021-01-10,355,"Newton","Indiana",4.62497281328427,-0.049190244190775,449.022156006122,4.28064110394885,0,354,4.62497281328427,2021-01-17,362,4.43421238784445,0.0235841392373448,0.0363895399139806,0.0346332720364483,0.0430201372317555
18113,2021-01-10,355,"Noble","Indiana",6.69226096891383,0.00266169973486006,-2159.28096162232,6.71089286705785,0.00266169973486008,-2159.2809616223,6.71089286705785,2021-01-17,362,6.61069604471776,0.0100394032070512,0.0100394032070512,0.0151567734565787,0.0151567734565787
18115,2021-01-10,355,"Ohio","Indiana",4.74493212836325,-0.0111180885839759,781.775888006682,4.66710550827542,0,354,4.74493212836325,2021-01-17,362,4.49184150068109,0.0307174723580256,0.0640548658205505,0.0390182974104843,0.0563445143030505
18117,2021-01-10,355,"Orange","Indiana",5.90341366898525,-0.00155884676929032,4142.0391017796,5.89250174160021,0,354,5.90341366898525,2021-01-17,362,5.8955827754047,9.49276930437035e-06,6.13228942698749e-05,0.000522600380972863,0.00132826454633417
18119,2021-01-10,355,"Owen","Indiana",5.97089734188229,0.00292077608152151,-1689.28452412274,5.99134277445294,0.0029207760815213,-1689.28452412289,5.99134277445294,2021-01-17,362,5.90497251575454,0.00745982158762902,0.00745982158762871,0.0146266995261986,0.0146266995261983
18121,2021-01-10,355,"Parke","Indiana",5.22112772785691,-0.0175912758050965,651.802107232282,5.09798879722123,0,354,5.22112772785691,2021-01-17,362,5.08317741509435,0.000219377040508574,0.0190302887912878,0.00291380389024036,0.0271385988521509
18123,2021-01-10,355,"Perry","Indiana",5.57215403217776,0.026976587698204,148.444816130369,5.76099014606519,0.0269765876982024,148.444816130357,5.76099014606518,2021-01-17,362,5.72870734830905,0.00104217903096394,0.00104217903096325,0.00563526739861663,0.00563526739861477
18125,2021-01-10,355,"Pike","Indiana",5.61469101371324,-0.00156046845709878,3953.0804278172,5.60376773451355,0,354,5.61469101371324,2021-01-17,362,5.57378225506122,0.000899128977985851,0.00167352653444902,0.00537973643033825,0.00733949709192008
18127,2021-01-10,355,"Porter","Indiana",7.80104054566059,-0.0104700816854416,1100.0792438905,7.7277499738625,0,354,7.80104054566059,2021-01-17,362,7.68333790672552,0.00197243170737921,0.0138539112122788,0.00578030898499204,0.015319206361084
18129,2021-01-10,355,"Posey","Indiana",6.18385429673886,0.0241550434942772,98.9932452117528,6.3529396011988,0.024155043494277,98.993245211751,6.3529396011988,2021-01-17,362,6.25547580618329,0.00949919133882409,0.00949919133882391,0.0155805566251514,0.0155805566251513
18131,2021-01-10,355,"Pulaski","Indiana",5.31390946130787,-0.0325175658106958,518.416582048094,5.086286500633,0,354,5.31390946130787,2021-01-17,362,5.01727983681492,0.0047619196513012,0.0879891341268275,0.013753800079424,0.0591216025696615
18133,2021-01-10,355,"Putnam","Indiana",6.40970484670487,-0.0236944882926673,625.514592572505,6.2438434286562,0,354,6.40970484670487,2021-01-17,362,6.22653666928747,0.000299523919847222,0.0335505812184135,0.00277951617214411,0.029417345009929
18135,2021-01-10,355,"Randolph","Indiana",5.56342511696128,0.0238436579858362,121.670654298678,5.73033072286213,0.0238436579858368,121.670654298683,5.73033072286214,2021-01-17,362,5.66395205185824,0.00440612796424315,0.00440612796424362,0.0117194973396916,0.0117194973396923
18137,2021-01-10,355,"Ripley","Indiana",6.36794211834289,0.0155616330389253,-54.2078320067294,6.47687354961537,0.0155616330389252,-54.2078320067304,6.47687354961537,2021-01-17,362,6.35685143164874,0.0144053088011969,0.0144053088011969,0.0188807492604095,0.0188807492604095
18139,2021-01-10,355,"Rush","Indiana",6.04297210425391,-0.0154833116703473,745.289379488953,5.93458892256148,0,354,6.04297210425391,2021-01-17,362,5.98429605762937,0.0024707992766571,0.00344287844748571,0.00830626268974691,0.0098050039736484
18141,2021-01-10,355,"St. Joseph","Indiana",8.06956590542886,-0.00441580592205157,2182.42766504552,8.0386552639745,0,354,8.06956590542886,2021-01-17,362,8.0508400339405,0.000148468619124375,0.000350658262998525,0.00151347808609206,0.00232595249805172
18143,2021-01-10,355,"Scott","Indiana",5.87493073085203,-0.0107763964452656,900.16653694873,5.79949595573517,0,354,5.87493073085203,2021-01-17,362,5.80039051317612,8.00233015165399e-07,0.00555624405117139,0.000154223657686754,0.0128508964192291
18145,2021-01-10,355,"Shelby","Indiana",6.77291691018725,0.00311093169436798,-1822.13456147202,6.79469343204783,0.0031109316943656,-1822.13456147369,6.79469343204781,2021-01-17,362,6.77471356236511,0.000399195192538253,0.000399195192537579,0.00294918294312938,0.00294918294312689
18147,2021-01-10,355,"Spencer","Indiana",6.13957662304753,0.01021522580539,-246.022115419909,6.21108320368526,0.0102152258053883,-246.022115420011,6.21108320368525,2021-01-17,362,6.10511205913536,0.0112298834772155,0.0112298834772129,0.0173577722281656,0.0173577722281635
18149,2021-01-10,355,"Starke","Indiana",5.61051782038494,-0.0217175029792128,613.340833462996,5.45849529953045,0,354,5.61051782038494,2021-01-17,362,5.4180033523505,0.00163959778642342,0.0370618204025813,0.00747359212363311,0.0355323641412875
18151,2021-01-10,355,"Steuben","Indiana",6.52837554134965,-0.00831605624165569,1140.03263465783,6.47016314765806,0,354,6.52837554134965,2021-01-17,362,6.38976116573753,0.00646447869674822,0.0192139451263361,0.0125829400872831,0.0216932013602286
18153,2021-01-10,355,"Sullivan","Indiana",5.77676736741269,0.00177226453122676,-2904.54013389526,5.78917321913128,0.00177226453122614,-2904.5401338964,5.78917321913127,2021-01-17,362,5.73472727850562,0.00296436045061254,0.00296436045061206,0.00949407669824615,0.00949407669824538
18155,2021-01-10,355,"Switzerland","Indiana",4.98360662170834,0.014785878045087,17.9482127127185,5.08710776802395,0.0147858780450862,17.948212712702,5.08710776802394,2021-01-17,362,5.01727983681492,0.00487593997693178,0.00487593997693104,0.0139174878579923,0.0139174878579912
18157,2021-01-10,355,"Tippecanoe","Indiana",8.07023622161975,-0.000669867168065232,12402.5171890106,8.06554715144329,0,354,8.07023622161975,2021-01-17,362,8.02518932189084,0.00162875440618533,0.00202922317518705,0.00502889438911706,0.00561318841488749
18159,2021-01-10,355,"Tipton","Indiana",5.68697535633982,0.00145384081822779,-3556.69052693965,5.69715224206741,0.00145384081822719,-3556.69052694125,5.69715224206741,2021-01-17,362,5.58456984619022,0.012674795861449,0.012674795861448,0.0201595465681204,0.0201595465681196
18161,2021-01-10,355,"Union","Indiana",5.12820666714205,0.00509338961910337,-651.8357323202,5.16386039447577,0.00509338961910366,-651.835732320143,5.16386039447578,2021-01-17,362,5.05897184065754,0.0110016087220798,0.0110016087220802,0.0207331760527446,0.0207331760527449
18163,2021-01-10,355,"Vanderburgh","Indiana",8.25237162453838,0.0125896226141473,-300.489991833825,8.34049898283741,0.0125896226141489,-300.489991833746,8.34049898283742,2021-01-17,362,8.28828304520769,0.00272650414255081,0.00272650414255192,0.00629997037322602,0.00629997037322731
18165,2021-01-10,355,"Vermillion","Indiana",5.85670791438736,-0.00814005308667996,1074.49259446121,5.7997275427806,0,354,5.85670791438736,2021-01-17,362,5.67381406472736,0.0158542039554647,0.033450160243456,0.0221920346026169,0.0322347273938721
18167,2021-01-10,355,"Vigo","Indiana",7.46614582682146,-0.00732902303412526,1373.70955952215,7.41484266558258,0,354,7.46614582682146,2021-01-17,362,7.34591803976714,0.00475060404379896,0.0144547207799792,0.00938271097530906,0.0163666115526293
18169,2021-01-10,355,"Wabash","Indiana",5.90808293816893,-0.00888894741724597,1019.65495416322,5.84586030624821,0,354,5.90808293816893,2021-01-17,362,5.93941909021788,0.00875324605788327,0.00098195442523474,0.0157521775359747,0.00527596244227947
18171,2021-01-10,355,"Warren","Indiana",5.26194972237716,-0.00517178840239423,1372.43329637021,5.2257472035604,0,354,5.26194972237716,2021-01-17,362,5.15081122943945,0.00561540021745624,0.0123517646124661,0.0145483829212488,0.0215768910929023
18173,2021-01-10,355,"Warrick","Indiana",7.20489251020467,0.0230833159721462,42.8744579462263,7.3664757220097,0.0230833159721442,42.8744579461988,7.36647572200968,2021-01-17,362,7.28863491161769,0.00605919176248466,0.00605919176248244,0.0106797516045062,0.0106797516045042
18175,2021-01-10,355,"Washington","Indiana",5.97852403583225,0,354,5.97852403583225,0,354,5.97852403583225,2021-01-17,362,5.9871696228251,7.47461744509891e-05,7.47461744509891e-05,0.00144401905031939,0.00144401905031939
18177,2021-01-10,355,"Wayne","Indiana",6.88944582206629,-0.00970108237924685,1065.17290161401,6.82153824541156,0,354,6.88944582206629,2021-01-17,362,6.81077227221122,0.000115906178950497,0.00618952744679835,0.00158072723181028,0.0115513405397606
18179,2021-01-10,355,"Wells","Indiana",5.86484796747404,0.0329654901905255,177.091285960624,6.09560639880772,0.0329654901905254,177.091285960624,6.09560639880772,2021-01-17,362,6.03274358002742,0.00395173398500523,0.00395173398500511,0.0104202703042813,0.0104202703042811
18181,2021-01-10,355,"White","Indiana",6.36401284020301,-0.010768581790129,945.979663267877,6.2886327676721,0,354,6.36401284020301,2021-01-17,362,6.18444339837592,0.0108554246743354,0.0322451844380896,0.0168470083053132,0.0290356674416711
18183,2021-01-10,355,"Whitley","Indiana",6.29526600143965,0.00263922032319103,-2030.27490339577,6.31374054370198,0.00263922032319019,-2030.27490339653,6.31374054370198,2021-01-17,362,6.35461845714442,0.00167100380740754,0.00167100380740805,0.00643278801365022,0.00643278801365119
19001,2021-01-10,355,"Adair","Iowa",4.76217393479776,0.00489597061220955,-617.672083227352,4.79644572908322,0.00489597061221048,-617.672083227168,4.79644572908323,2021-01-17,362,4.74617359345131,0.00252728762099313,0.00252728762099376,0.010592140098136,0.0105921400981373
19003,2021-01-10,355,"Adams","Iowa",4.12943588203337,-0.00229621226035262,2153.36853645195,4.1133623962109,0,354,4.12943588203337,2021-01-17,362,3.8859723282282,0.0517062430171764,0.0592745020314414,0.0585156168845846,0.0626519010535963
19005,2021-01-10,355,"Allamakee","Iowa",5.2040066870768,-0.0286286476315931,536.776196837671,5.00360615365564,0,354,5.2040066870768,2021-01-17,362,4.93241631923601,0.00506799252469431,0.0737613279038911,0.0144330546758584,0.055062336644537
19007,2021-01-10,355,"Appanoose","Iowa",4.92518114555523,0.0230860200341839,141.659582801088,5.08678328579452,0.0230860200341816,141.659582801067,5.08678328579451,2021-01-17,362,5.03509559166642,0.00267161772428041,0.00267161772427875,0.0102654841774309,0.0102654841774277
19009,2021-01-10,355,"Audubon","Iowa",4.08477511120595,-0.00479617226349142,1206.67397808026,4.05120190536151,0,354,4.08477511120595,2021-01-17,362,3.97834564835922,0.00530803418438398,0.0113272305618438,0.0183132043924689,0.0267521910497209
19011,2021-01-10,355,"Benton","Iowa",4.95884062090652,-0.0139444490586364,710.613950759518,4.86122947749607,0,354,4.95884062090652,2021-01-17,362,4.86533422954598,1.68489893912787e-05,0.00874344522527048,0.000843673190011802,0.0192189039743043
19013,2021-01-10,355,"Black Hawk","Iowa",7.05469635851657,-0.00197141512838968,3933.49356887055,7.04089645261785,0,354,7.05469635851657,2021-01-17,362,7.03828216258636,6.83451236872388e-06,0.000269425828035439,0.000371438650951259,0.00233213098751099
19015,2021-01-10,355,"Boone","Iowa",5.90808293816893,0.0164387263431598,-4.4002853285097,6.02315402257105,0.0164387263431598,-4.40028532851043,6.02315402257105,2021-01-17,362,5.88848215385512,0.0181365122234398,0.0181365122234398,0.0228703875119599,0.0228703875119599
19017,2021-01-10,355,"Bremer","Iowa",5.18977719797283,0.0233599023172329,132.833951208594,5.35329651419346,0.0233599023172326,132.833951208592,5.35329651419346,2021-01-17,362,5.25451474388964,0.00975783814435605,0.0097578381443557,0.0187994087215548,0.0187994087215544
19019,2021-01-10,355,"Buchanan","Iowa",5.09812274821937,0.021164811192047,114.12269181333,5.2462764265637,0.0211648111920475,114.122691813336,5.24627642656371,2021-01-17,362,5.15494175988874,0.00834202133662741,0.00834202133662806,0.017717885269947,0.0177178852699477
19021,2021-01-10,355,"Buena Vista","Iowa",5.93186618422195,-0.0280339793816719,566.59558204213,5.73562832855024,0,354,5.93186618422195,2021-01-17,362,5.69180628360948,0.00192037162278999,0.0576287558820658,0.00769914553609335,0.0421764003641087
19023,2021-01-10,355,"Butler","Iowa",5.27592567623314,0.0524858086178511,254.479005560396,5.6433263365581,0.052485808617849,254.479005560392,5.64332633655808,2021-01-17,362,5.42683621734901,0.0468679717151625,0.0468679717151564,0.0398925102100901,0.0398925102100874
19025,2021-01-10,355,"Calhoun","Iowa",4.05054193956371,0.0100000833345833,-50.0508184822551,4.12054252290579,0.0100000833345826,-50.0508184822828,4.12054252290579,2021-01-17,362,3.98898404656427,0.0173076326973011,0.0173076326973,0.0329804468520819,0.0329804468520808
19027,2021-01-10,355,"Carroll","Iowa",5.53789653861052,-0.0172754365940368,675.564780430621,5.41696848245226,0,354,5.53789653861052,2021-01-17,362,5.42306025313948,3.71096701056552e-05,0.013187372460786,0.00112330868603054,0.0211755503554582
19029,2021-01-10,355,"Cass","Iowa",4.89996972620873,-0.0314161962333825,510.96954162777,4.68005635257506,0,354,4.89996972620873,2021-01-17,362,4.76217393479776,0.00674329731010168,0.0189876801305778,0.0172437175430859,0.0289354805804316
19031,2021-01-10,355,"Cedar","Iowa",5.09899496807406,-0.0189988443426957,623.384480450487,4.96600305767519,0,354,5.09899496807406,2021-01-17,362,5.05987887019819,0.00881266817685405,0.00153006911303436,0.0185529762532292,0.00773063918708677
19033,2021-01-10,355,"Cerro Gordo","Iowa",5.95805548497685,-0.00478910475108424,1599.08543864654,5.92453175171926,0,354,5.95805548497685,2021-01-17,362,5.93224518744801,5.9497090741527e-05,0.000666171458527319,0.00130025571853787,0.0043508480707192
19035,2021-01-10,355,"Cherokee","Iowa",5.28898827125952,0.000721240564983872,-6978.18192020687,5.2940369552144,0.000721240564982573,-6978.18192022008,5.2940369552144,2021-01-17,362,5.24627190965793,0.0022814995770118,0.00228149957701095,0.00910456918341198,0.00910456918341029
19037,2021-01-10,355,"Chickasaw","Iowa",4.58058471051548,0.00882358665851571,-164.129565763909,4.64234981712509,0.00882358665851513,-164.129565763943,4.64234981712508,2021-01-17,362,4.54481338544719,0.00951335550445634,0.00951335550445548,0.0214610421607654,0.0214610421607644
19039,2021-01-10,355,"Clarke","Iowa",5.08671411197269,-0.00264433825308913,2278.62459909596,5.06820374420107,0,354,5.08671411197269,2021-01-17,362,4.98164775722301,0.00749193888174684,0.0110389389003873,0.017374971334046,0.0210906832176864
19041,2021-01-10,355,"Clay","Iowa",5.07873888139833,-0.0228681909036544,577.087479625978,4.91866154507274,0,354,5.07873888139833,2021-01-17,362,4.99140393216837,0.00529145488036946,0.00762739335699934,0.0145735324337941,0.0174970710479081
19043,2021-01-10,355,"Clayton","Iowa",5.18338739987406,0.0169701042184625,49.5577155480969,5.3021781294033,0.016970104218462,49.5577155480885,5.30217812940329,2021-01-17,362,5.18017712424381,0.0148842452599241,0.0148842452599232,0.0235515122810192,0.0235515122810185
19045,2021-01-10,355,"Clinton","Iowa",6.11935505984242,-0.00188383101237202,3603.35668361636,6.10616824275582,0,354,6.11935505984242,2021-01-17,362,6.10893007204571,7.62770102652677e-06,0.00010868037056151,0.000452097054201673,0.00170651614501407
19047,2021-01-10,355,"Crawford","Iowa",5.48834723307782,0.010092101091111,-188.826026268396,5.5589919407156,0.0100921010911099,-188.826026268453,5.55899194071559,2021-01-17,362,5.42683621734901,0.0174651352185457,0.0174651352185438,0.0243522594148131,0.0243522594148118
19049,2021-01-10,355,"Dallas","Iowa",6.94284659879341,0.0106774917222871,-295.231981383943,7.01758904084942,0.0106774917222863,-295.231981383996,7.01758904084942,2021-01-17,362,6.9969428577546,0.000426264876384736,0.000426264876384479,0.0029507434195973,0.00295074341959641
19051,2021-01-10,355,"Davis","Iowa",4.40845989174204,-0.0189497487796616,587.639490000709,4.27581165028441,0,354,4.40845989174204,2021-01-17,362,4.24440525679783,0.00098636155183338,0.0269139232466758,0.00739948039510869,0.0386519724245119
19053,2021-01-10,355,"Decatur","Iowa",4.27069595202955,0.0222007099801934,162.632460590688,4.42610092189091,0.0222007099801926,162.632460590682,4.4261009218909,2021-01-17,362,4.25053397873921,0.0308237515276319,0.03082375152763,0.0413046793720199,0.0413046793720186
19055,2021-01-10,355,"Delaware","Iowa",4.70307440096946,0.00519481687709888,-550.339786220907,4.73943811910915,0.00519481687709877,-550.339786220926,4.73943811910915,2021-01-17,362,4.75112409861117,0.00013656211692165,0.00013656211692167,0.00245962413514662,0.00245962413514681
19057,2021-01-10,355,"Des Moines","Iowa",5.86322524906523,0.0085627434498882,-329.736764960741,5.92316445321444,0.00856274344988783,-329.736764960771,5.92316445321444,2021-01-17,362,5.9018523884183,0.000454204105875173,0.000454204105875059,0.00361108062241095,0.0036110806224105
19059,2021-01-10,355,"Dickinson","Iowa",5.16967197712914,0.00407000968829791,-915.186651396183,5.19816204494723,0.00407000968829863,-915.186651395959,5.19816204494723,2021-01-17,362,5.15905529921453,0.00152933756180183,0.00152933756180225,0.0075802144897829,0.00758021448978393
19061,2021-01-10,355,"Dubuque","Iowa",6.72640467922822,0.0129278711641268,-165.302576799586,6.81689977737711,0.0129278711641252,-165.30257679965,6.8168997773771,2021-01-17,362,6.77829721174525,0.0014901580733621,0.00149015807336127,0.00569502404895598,0.00569502404895441
19063,2021-01-10,355,"Emmet","Iowa",5.05624580534831,-0.00725297830501726,1052.12683434481,5.00547495721319,0,354,5.05624580534831,2021-01-17,362,4.89356628917353,0.012523549982411,0.0264646249828611,0.0228685301121283,0.0332435501149115
19065,2021-01-10,355,"Fayette","Iowa",5.63733737524805,0.0133198690607104,-68.2276871156698,5.73057645867302,0.0133198690607106,-68.2276871156651,5.73057645867302,2021-01-17,362,5.61573159653347,0.0131893423598534,0.0131893423598536,0.0204505611006138,0.0204505611006139
19067,2021-01-10,355,"Floyd","Iowa",4.72991307257953,0.0114142012844395,-59.3884407424655,4.80981248157061,0.0114142012844383,-59.3884407425105,4.8098124815706,2021-01-17,362,4.81566261974874,3.42241167032137e-05,3.42241167033176e-05,0.0012148147908325,0.00121481479083435
19069,2021-01-10,355,"Franklin","Iowa",4.86643494512217,0.0200006667066731,111.686363685141,5.00643961206888,0.0200006667066726,111.686363685134,5.00643961206887,2021-01-17,362,4.94875989037817,0.00332695029431767,0.00332695029431726,0.0116553890203595,0.0116553890203588
19071,2021-01-10,355,"Fremont","Iowa",3.86523084392139,-0.0295006643967009,486.021823506918,3.65872619314448,0,354,3.86523084392139,2021-01-17,362,3.87713574642771,0.047702732965378,0.000141726703684959,0.0563327073302662,0.00307054054459863
19073,2021-01-10,355,"Greene","Iowa",4.16111273868694,-0.035014517845102,473.839641233815,3.91601111377123,0,354,4.16111273868694,2021-01-17,362,3.9810158769151,0.00422561923139086,0.032434879620066,0.0163286872380534,0.0452389207529109
19075,2021-01-10,355,"Grundy","Iowa",5.17048399503815,-0.00324149392417232,1950.09291579449,5.14779353756894,0,354,5.17048399503815,2021-01-17,362,5.08935845022578,0.00341465943280311,0.00658135402110378,0.0114818179765999,0.0159402301106872
19077,2021-01-10,355,"Guthrie","Iowa",4.85425991924688,0.00111420624340111,-4001.6978268128,4.86205936295069,0.00111420624340219,-4001.69782680857,4.8620593629507,2021-01-17,362,4.67815507874458,0.0338207857493605,0.0338207857493634,0.0393112842799257,0.0393112842799274
19079,2021-01-10,355,"Hamilton","Iowa",5.23568179555655,-0.0351175420975932,504.090211980279,4.9898590008734,0,354,5.23568179555655,2021-01-17,362,4.98360662170834,3.90922452237228e-05,0.0635418932706085,0.00125458922416321,0.0505808730468793
19081,2021-01-10,355,"Hancock","Iowa",5.14749447681345,-0.0172914971100627,652.689346622156,5.02645399704301,0,354,5.14749447681345,2021-01-17,362,4.99043258677874,0.00129754199742746,0.0246684373012774,0.00721809374997084,0.0314726002813512
19083,2021-01-10,355,"Hardin","Iowa",4.99721227376411,-0.0210131895988158,592.813124479005,4.8501199465724,0,354,4.99721227376411,2021-01-17,362,4.78986986518701,0.00363007230694643,0.0429908743945545,0.0125786468278174,0.0432876914014047
19085,2021-01-10,355,"Harrison","Iowa",5.32787616878958,-0.0307296286152589,528.37912655879,5.11276876848277,0,354,5.32787616878958,2021-01-17,362,5.08671411197269,0.000678845125857993,0.0581591376481516,0.00512209963771104,0.0474101849461639
19087,2021-01-10,355,"Henry","Iowa",5.3054348343169,-0.0175751448215124,656.871471797087,5.18240882056631,0,354,5.3054348343169,2021-01-17,362,5.25152520504128,0.00477707460289142,0.00290624812863479,0.0131612020844187,0.0102655185247647
19089,2021-01-10,355,"Howard","Iowa",4.89463638023338,0.0107527917762665,-100.196797452806,4.96990592266724,0.010752791776266,-100.196797452828,4.96990592266724,2021-01-17,362,4.92414326274281,0.00209422104335875,0.00209422104335843,0.00929352731685888,0.00929352731685816
19091,2021-01-10,355,"Humboldt","Iowa",4.86643494512217,-0.0142001293791175,697.703563833628,4.76703403946834,0,354,4.86643494512217,2021-01-17,362,4.72231809936209,0.00199951529958643,0.0207696652318347,0.0094690656506808,0.0305182418311778
19093,2021-01-10,355,"Ida","Iowa",4.26267987704132,-0.0179466431908384,592.519620338659,4.13705337470545,0,354,4.26267987704132,2021-01-17,362,4.06535702534885,0.00514036651106336,0.0389363078000471,0.0176359293684534,0.04853764391715
19095,2021-01-10,355,"Iowa","Iowa",4.61653394463841,-0.0042283361095257,1446.80865121819,4.58693559187173,0,354,4.61653394463841,2021-01-17,362,4.68213122712422,0.00906220897112598,0.00430300346952377,0.0203316888473807,0.014010133271319
19097,2021-01-10,355,"Jackson","Iowa",4.92932193822126,0.015617183622374,39.3655003736232,5.03864222357788,0.015617183622374,39.3655003736227,5.03864222357788,2021-01-17,362,5.06169046489654,0.000531221427883243,0.000531221427883243,0.00455346716250306,0.00455346716250306
19099,2021-01-10,355,"Jasper","Iowa",6.00775962959449,-0.0160338046288548,729.693328792517,5.8955229971925,0,354,6.00775962959449,2021-01-17,362,5.96943802020776,0.00546343062734672,0.00146854574598845,0.0123822414714827,0.00641963435368537
19101,2021-01-10,355,"Jefferson","Iowa",5.51573024315326,0.0273830100754418,153.571076446413,5.70741131368136,0.0273830100754404,153.571076446403,5.70741131368135,2021-01-17,362,5.46806014113513,0.0572889837992525,0.0572889837992479,0.0437725932722709,0.0437725932722692
19103,2021-01-10,355,"Johnson","Iowa",6.98378996525813,0.0164189766016455,-70.3486763942546,7.09872280146965,0.0164189766016447,-70.3486763942741,7.09872280146965,2021-01-17,362,7.07496319796604,0.000564518758648707,0.000564518758648453,0.00335826531372481,0.00335826531372406
19105,2021-01-10,355,"Jones","Iowa",5.02388052084628,0.00282353128760412,-1424.2898357111,5.04364523985951,0.00282353128760349,-1424.2898357115,5.0436452398595,2021-01-17,362,4.9737737007921,0.0048820319716479,0.00488203197164728,0.0140479931880048,0.0140479931880039
19107,2021-01-10,355,"Keokuk","Iowa",4.40671924726425,-0.0103987072208994,778.775682270155,4.33392829671796,0,354,4.40671924726425,2021-01-17,362,4.34194841110647,6.43222348048621e-05,0.00419526121657817,0.00184712337161809,0.014917458713259
19109,2021-01-10,355,"Kossuth","Iowa",5.32440273702371,-0.00693484055246106,1122.77579769072,5.27585885315648,0,354,5.32440273702371,2021-01-17,362,5.42432049275177,0.0220408584313201,0.00998355790973177,0.0273696290242558,0.0184203267232407
19111,2021-01-10,355,"Lee","Iowa",5.95805548497685,-0.00625807306517839,1307.05911195398,5.9142489735206,0,354,5.95805548497685,2021-01-17,362,5.84478588211942,0.00482512106700866,0.0128300029314796,0.011884625511036,0.0193795983534567
19113,2021-01-10,355,"Linn","Iowa",7.28951300328833,0.00214780908496398,-3038.92968132946,7.30454766688308,0.00214780908496248,-3038.92968133183,7.30454766688307,2021-01-17,362,7.2170241005236,0.00766037466828249,0.00766037466828063,0.0121273762066461,0.0121273762066446
19115,2021-01-10,355,"Louisa","Iowa",4.87737597330037,-0.00325910120091082,1851.54020315088,4.854562264894,0,354,4.87737597330037,2021-01-17,362,4.7349445297349,0.014308402564591,0.0202867161161434,0.0252627532187353,0.0300809106993791
19117,2021-01-10,355,"Lucas","Iowa",5.25376819663586,-0.0258031270911249,558.609747689958,5.07314630699798,0,354,5.25376819663586,2021-01-17,362,4.93550115458722,0.0189461879821822,0.101293910054389,0.0278887894257367,0.0644852532863515
19119,2021-01-10,355,"Lyon","Iowa",4.89249505179203,-0.00534474815888251,1270.38364509488,4.85508181467985,0,354,4.89249505179203,2021-01-17,362,4.78271846402938,0.00523645451736232,0.0120508992208095,0.015130171511183,0.0229527597303226
19121,2021-01-10,355,"Madison","Iowa",5.31741946842152,0.0371206073761684,211.752896995017,5.5772637200547,0.0371206073761678,211.752896995015,5.5772637200547,2021-01-17,362,5.54517744447956,0.00102952908028389,0.0010295290802836,0.00578633883160657,0.00578633883160577
19123,2021-01-10,355,"Mahaska","Iowa",5.74162861714632,-0.016371443414681,705.709981503374,5.62702851324355,0,354,5.74162861714632,2021-01-17,362,5.57378225506122,0.0028351640104189,0.0281724012652003,0.00955298498321783,0.0301135484675028
19125,2021-01-10,355,"Marion","Iowa",6.15909538849193,-0.00722242080247363,1207.77437537044,6.10853844287462,0,354,6.15909538849193,2021-01-17,362,6.02690063506609,0.00666473166378205,0.0174754528333194,0.0135455705596899,0.0219341186175692
19127,2021-01-10,355,"Marshall","Iowa",5.85793315448346,0.0065520299912999,-539.063849259222,5.90379736442256,0.00655202999129934,-539.0638492593,5.90379736442255,2021-01-17,362,5.78118433572453,0.0150339548065039,0.0150339548065031,0.021208980993799,0.0212089809937984
19129,2021-01-10,355,"Mills","Iowa",4.67549550270882,-0.0119127815162471,747.477230975169,4.59210603209509,0,354,4.67549550270882,2021-01-17,362,4.64026150579937,0.00231894964768332,0.00124143453821532,0.0103777499703611,0.00759310587677384
19131,2021-01-10,355,"Mitchell","Iowa",5.12651175148206,0.000848536325839659,-5686.59373661366,5.13245150576293,0.000848536325838367,-5686.59373662286,5.13245150576292,2021-01-17,362,5.09637602288443,0.00130144046491734,0.0013014404649167,0.00707865407036579,0.00707865407036405
19133,2021-01-10,355,"Monona","Iowa",4.14765962098982,0.0344465744633386,234.591521490644,4.38878564223319,0.0344465744633391,234.591521490646,4.3887856422332,2021-01-17,362,4.45434729625351,0.00429833047787949,0.00429833047787902,0.0147185770798469,0.0147185770798461
19135,2021-01-10,355,"Monroe","Iowa",5.35793307622239,0.00878680881507412,-254.770075687847,5.41944073792791,0.0087868088150751,-254.770075687779,5.41944073792792,2021-01-17,362,5.31461244903454,0.010988970152312,0.0109889701523135,0.0197245405753743,0.0197245405753756
19137,2021-01-10,355,"Montgomery","Iowa",5.03787981620282,-0.023810648693719,566.58095610943,4.87120527534679,0,354,5.03787981620282,2021-01-17,362,4.88388358845711,0.000160739623323404,0.0237148381599085,0.00259594908041797,0.0315315107243085
19139,2021-01-10,355,"Muscatine","Iowa",5.85793315448346,0.00778532922265013,-397.432297588748,5.91243045904201,0.00778532922265018,-397.432297588743,5.91243045904201,2021-01-17,362,5.91273050656548,9.002851633929e-08,9.002851633929e-08,5.07460171125413e-05,5.07460171125413e-05
19141,2021-01-10,355,"O'Brien","Iowa",5.04710497387765,-0.0244910200082902,561.079819140616,4.87566783381962,0,354,5.04710497387765,2021-01-17,362,4.78868151091763,0.00756662037200835,0.0667826862082466,0.0181649839739114,0.0539654730369603
19143,2021-01-10,355,"Osceola","Iowa",3.3770998300831,0.00488998529419385,-335.615539088209,3.41132972714245,0.00488998529419371,-335.615539088228,3.41132972714245,2021-01-17,362,3.36235754834589,0.00239827429608218,0.00239827429608209,0.0145648337788024,0.0145648337788021
19145,2021-01-10,355,"Page","Iowa",4.66747406932424,-0.0172991672628152,624.809176269256,4.54637989848454,0,354,4.66747406932424,2021-01-17,362,4.63749907310345,0.00830270398323197,0.000898500398436563,0.0196483434675784,0.00646361233679636
19147,2021-01-10,355,"Palo Alto","Iowa",4.56285898791637,0.0150152971199962,51.1193007736142,4.66796606775634,0.0150152971199962,51.1193007736143,4.66796606775634,2021-01-17,362,4.69003640663133,0.000487099858056997,0.000487099858056997,0.00470579265520981,0.00470579265520981
19149,2021-01-10,355,"Plymouth","Iowa",5.5957729508268,-0.0349266670909262,515.214913614834,5.35128628119031,0,354,5.5957729508268,2021-01-17,362,5.28970899201143,0.00379176254261927,0.0936751468857317,0.0116409596958686,0.0578602640102854
19151,2021-01-10,355,"Pocahontas","Iowa",4.6291656915443,0.00279329790561081,-1302.24024002089,4.64871877688358,0.00279329790561,-1302.24024002137,4.64871877688357,2021-01-17,362,4.52643614544559,0.0149530419513998,0.0149530419513985,0.027015211859562,0.0270152118595609
19153,2021-01-10,355,"Polk","Iowa",8.49076120985747,-0.0014657601123331,6147.73589069255,8.48050088907114,0,354,8.49076120985747,2021-01-17,362,8.48844092098331,6.30441067662827e-05,5.38374045955595e-06,0.000935393435152814,0.000273346883810596
19155,2021-01-10,355,"Pottawattamie","Iowa",6.91515639446245,-0.00762823306321276,1261.52138406873,6.86175876301996,0,354,6.91515639446245,2021-01-17,362,6.79314577377541,0.00470774229307215,0.0148865915604354,0.0101003263479819,0.0179608424064813
19157,2021-01-10,355,"Poweshiek","Iowa",4.91998092582813,0.0168247922499797,62.5755318266074,5.03775447157798,0.0168247922499791,62.5755318265978,5.03775447157798,2021-01-17,362,5.00202691955966,0.00127645797322211,0.00127645797322186,0.00714261490249439,0.00714261490249367
19159,2021-01-10,355,"Ringgold","Iowa",4.20469261939097,0.00641713432063387,-300.229018016821,4.2496125596354,0.00641713432063273,-300.229018016936,4.24961255963539,2021-01-17,362,4.30599373411057,0.0031788368351998,0.0031788368352007,0.0130936499114107,0.0130936499114126
19161,2021-01-10,355,"Sac","Iowa",4.4724547868809,0,354,4.4724547868809,0,354,4.4724547868809,2021-01-17,362,4.42227703729518,0.00251780655348708,0.00251780655348708,0.011346586648133,0.011346586648133
19163,2021-01-10,355,"Scott","Iowa",7.34766782149093,0.00221075992768028,-2968.59372426329,7.36314314098469,0.00221075992768149,-2968.59372426146,7.3631431409847,2021-01-17,362,7.35014909832341,0.000168845144683205,0.000168845144683436,0.0017678610987967,0.00176786109879791
19165,2021-01-10,355,"Shelby","Iowa",4.66881545114845,-0.0172761771918632,625.245865118088,4.54788221080541,0,354,4.66881545114845,2021-01-17,362,4.55537952148507,5.62096674274317e-05,0.0128677101385945,0.00164581472176037,0.0249015321617804
19167,2021-01-10,355,"Sioux","Iowa",5.74117000672782,-0.016378892084044,705.522488167607,5.62651776213951,0,354,5.74117000672782,2021-01-17,362,5.61573159653347,0.000116341368481025,0.0157347947520868,0.00192070532941835,0.0223369667937451
19169,2021-01-10,355,"Story","Iowa",6.62273632394984,0.000950299415812356,-6614.10490920216,6.62938841986053,0.00095029941580993,-6614.10490921996,6.62938841986051,2021-01-17,362,6.62387549248009,3.03923683019115e-05,3.03923683017255e-05,0.000832281250861402,0.000832281250858855
19171,2021-01-10,355,"Tama","Iowa",5.06078507778173,-0.00542006746934126,1288.71256103511,5.02284460549634,0,354,5.06078507778173,2021-01-17,362,4.85314571300348,0.0287977141133031,0.0431141058055143,0.0349667828926236,0.0427844901136804
19173,2021-01-10,355,"Taylor","Iowa",4.1061790198691,0.0310658195748915,222.823251533081,4.32363975689334,0.0310658195748896,222.823251533074,4.32363975689333,2021-01-17,362,4.17658266045907,0.0216257896116789,0.021625789611675,0.0352099092462613,0.0352099092462581
19175,2021-01-10,355,"Union","Iowa",4.54935540688169,-0.0060241146033799,1110.19071372401,4.50718660465804,0,354,4.54935540688169,2021-01-17,362,4.48542093287817,0.000473744468029038,0.00408761696610799,0.00485253716553728,0.0142538403775863
19177,2021-01-10,355,"Van Buren","Iowa",3.89763426797605,0.0145987994211524,88.0167943585347,3.99982586392411,0.0145987994211523,88.0167943585317,3.99982586392411,2021-01-17,362,3.8255309740747,0.0303787086276182,0.0303787086276178,0.045560966838484,0.0455609668384836
19179,2021-01-10,355,"Wapello","Iowa",5.82431305510347,0.00380630613912949,-1175.17462132867,5.85095719807738,0.00380630613912913,-1175.17462132882,5.85095719807738,2021-01-17,362,5.86970038297988,0.000351306980289276,0.000351306980289376,0.0031932098198484,0.00319320981984886
19181,2021-01-10,355,"Warren","Iowa",6.50321831144679,0.000856714552290723,-7235.88110976776,6.50921531331283,0.000856714552291749,-7235.88110975867,6.50921531331284,2021-01-17,362,6.56747580401797,0.00339428477720384,0.00339428477720301,0.00887106286246194,0.00887106286246086
19183,2021-01-10,355,"Washington","Iowa",5.85956447621554,0.0189228188421471,45.3439955169654,5.99202420811057,0.0189228188421469,45.343995516962,5.99202420811057,2021-01-17,362,5.81923475388082,0.0298561954930169,0.0298561954930163,0.0296928138385418,0.0296928138385415
19185,2021-01-10,355,"Wayne","Iowa",4.12713438504509,0.00925932541279895,-90.7273290492903,4.19194966293468,0.00925932541279728,-90.7273290493705,4.19194966293467,2021-01-17,362,4.02023659006838,0.0294853793931891,0.0294853793931852,0.0427121809921602,0.0427121809921573
19187,2021-01-10,355,"Webster","Iowa",6.04838483736066,-0.0210323226057389,642.575697213312,5.90115857912049,0,354,6.04838483736066,2021-01-17,362,5.83814685358462,0.00397047755500848,0.0442000098222176,0.010793103893436,0.0360110817779381
19189,2021-01-10,355,"Winnebago","Iowa",4.48863636973214,-0.0143428753594062,667.952337467567,4.3882362422163,0,354,4.48863636973214,2021-01-17,362,4.48863636973214,0.0100801856051975,0,0.0223676233149254,0
19191,2021-01-10,355,"Winneshiek","Iowa",5.28392862909594,-0.0179538036165971,649.306919131682,5.15825200377976,0,354,5.28392862909594,2021-01-17,362,5.25002707742026,0.00842266414171938,0.00114931520601871,0.0174808762482797,0.00645740510967747
19193,2021-01-10,355,"Woodbury","Iowa",6.92179905898408,-0.00995172555427168,1050.53757498999,6.85213698010417,0,354,6.92179905898408,2021-01-17,362,6.81814312029245,0.00115558250489913,0.010744553626042,0.00498579440354512,0.0152029572953845
19195,2021-01-10,355,"Worth","Iowa",4.67282883446191,-0.0106242699202298,794.825876935253,4.5984589450203,0,354,4.67282883446191,2021-01-17,362,4.6291656915443,0.000942904282089531,0.00190647004944299,0.006633321978536,0.00943218407527696
19197,2021-01-10,355,"Wright","Iowa",4.91370475459889,-0.0156171836223727,669.634499626402,4.80438446924228,0,354,4.91370475459889,2021-01-17,362,4.85870437100731,0.00295065172776282,0.0030250421952205,0.0111799149767516,0.0113199691505769
20001,2021-01-10,355,"Allen","Kansas",5.40781218134432,0.00192246134185189,-2457.96276997436,5.42126941073728,0.00192246134185226,-2457.96276997383,5.42126941073728,2021-01-17,362,5.4324735639414,0.000125533049021448,0.000125533049021389,0.00206244044674073,0.00206244044674024
20003,2021-01-10,355,"Anderson","Kansas",5.19295685089021,0.0249108903794878,146.538689634064,5.36733308354663,0.0249108903794868,146.538689634056,5.36733308354662,2021-01-17,362,5.31811999384422,0.00242192819805736,0.00242192819805666,0.00925385093968803,0.0092538509396867
20005,2021-01-10,355,"Atchison","Kansas",5.36797668257815,-0.0308322225162157,529.102813371788,5.15215112496464,0,354,5.36797668257815,2021-01-17,362,5.18017712424381,0.000785456635596388,0.0352686741105707,0.00541023957424379,0.0362535013436916
20007,2021-01-10,355,"Barber","Kansas",4.15440880296475,0.0135442251077565,48.2708390540852,4.24921837871905,0.0135442251077569,48.2708390540933,4.24921837871905,2021-01-17,362,4.26066577766961,0.000131042942733468,0.000131042942733407,0.00268676294924717,0.00268676294924655
20009,2021-01-10,355,"Barton","Kansas",5.80814248998044,-0.01321135772155,794.632520169095,5.71566298592959,0,354,5.80814248998044,2021-01-17,362,5.6999656761295,0.000246405534960109,0.0117022230549416,0.00275393058344739,0.0189785026783529
20011,2021-01-10,355,"Bourbon","Kansas",5.63886292855689,0.00918842605440374,-258.691931041263,5.70318191093771,0.00918842605440418,-258.691931041234,5.70318191093771,2021-01-17,362,5.70568542480229,6.26758167012721e-06,6.26758167011387e-06,0.000438775305363657,0.00043877530536319
20013,2021-01-10,355,"Brown","Kansas",5.06800532575522,-0.00359066813072386,1766.43796676457,5.04287064884015,0,354,5.06800532575522,2021-01-17,362,5.07784880568313,0.00122347145613199,9.68940970912001e-05,0.00688838092300637,0.00193851378892866
20015,2021-01-10,355,"Butler","Kansas",7.18938334859796,-0.00172320990407295,4527.08799206948,7.17732087926944,0,354,7.18938334859796,2021-01-17,362,7.24422751560335,0.00447649798551742,0.0030078826545156,0.0092358551950218,0.00757074054994347
20017,2021-01-10,355,"Chase","Kansas",3.5305534028762,-0.0124741742251773,638.029027745203,3.44323418329996,0,354,3.5305534028762,2021-01-17,362,3.35240721749272,0.00824953771774782,0.0317360633666822,0.0270930587827454,0.0531397810068872
20019,2021-01-10,355,"Chautauqua","Kansas",4.38559170083838,0.0107335556431096,-53.5870373862289,4.46072659034014,0.0107335556431094,-53.5870373862352,4.46072659034014,2021-01-17,362,4.34194841110647,0.0141082558620666,0.0141082558620664,0.027355962804589,0.0273559628045888
20021,2021-01-10,355,"Cherokee","Kansas",5.97743806287484,0.00982719464625717,-253.254774433662,6.04622842539864,0.00982719464625692,-253.254774433677,6.04622842539864,2021-01-17,362,6.04025471127741,3.56852604021368e-05,3.56852604021156e-05,0.000988983810578878,0.000988983810578584
20023,2021-01-10,355,"Cheyenne","Kansas",4.09672268462707,0.0143543134516828,69.5998867576068,4.19720287878885,0.0143543134516824,69.599886757599,4.19720287878884,2021-01-17,362,4.14086457785699,0.00317400415188803,0.00317400415188773,0.0136054439532069,0.0136054439532062
20025,2021-01-10,355,"Clark","Kansas",3.3322045101752,-0.0151901654939741,574.36591220794,3.22587335171738,0,354,3.3322045101752,2021-01-17,362,3.3964241029095,0.0290875587321945,0.00412415609095877,0.0502147982774043,0.0189080017066428
20027,2021-01-10,355,"Clay","Kansas",5.00010384204391,0.021401595050667,121.367701556521,5.14991500739858,0.0214015950506665,121.367701556516,5.14991500739858,2021-01-17,362,4.93652732194253,0.0455343043042894,0.0455343043042879,0.0432262745731305,0.0432262745731298
20029,2021-01-10,355,"Cloud","Kansas",4.63611498983751,-0.0340400462399937,491.195907524665,4.39783466615756,0,354,4.63611498983751,2021-01-17,362,4.51399430532222,0.0134930617708654,0.0149134615864829,0.0257332267849137,0.0270537967607321
20031,2021-01-10,355,"Coffey","Kansas",4.81450454202811,-0.0464146693087545,458.728080232601,4.48960185686683,0,354,4.81450454202811,2021-01-17,362,4.62076228074793,0.0172030567926699,0.0375360638059579,0.0283850187289597,0.041928636339375
20035,2021-01-10,355,"Cowley","Kansas",6.5506720884568,0.00634922767865914,-676.727387958499,6.59511668220741,0.00634922767866009,-676.727387958346,6.59511668220742,2021-01-17,362,6.61011906614612,0.000225071523844387,0.000225071523844201,0.00226960872997621,0.00226960872997527
20037,2021-01-10,355,"Crawford","Kansas",6.57627058387196,0.00739042612734603,-534.836454698933,6.62800356676339,0.00739042612734853,-534.836454698633,6.6280035667634,2021-01-17,362,6.61759394522417,0.000108360220589612,0.000108360220589982,0.00157302210219831,0.00157302210220099
20041,2021-01-10,355,"Dickinson","Kansas",5.87813586180098,-0.00439034830129283,1693.87688593409,5.84740342369193,0,354,5.87813586180098,2021-01-17,362,5.80298118820022,0.00197333500608107,0.00564822496403697,0.00765507142812036,0.0129510455339026
20043,2021-01-10,355,"Doniphan","Kansas",5.05077133912122,0.0268908182749493,167.174873688155,5.23900706704587,0.0268908182749481,167.174873688147,5.23900706704586,2021-01-17,362,5.05351231845265,0.0344083017556614,0.0344083017556585,0.036706103973645,0.0367061039736434
20045,2021-01-10,355,"Douglas","Kansas",7.1063719182626,0.0257443484174785,78.9638073947954,7.28658235718495,0.0257443484174775,78.9638073947846,7.28658235718494,2021-01-17,362,7.19989170178329,0.00751526973396813,0.0075152697339669,0.0120405499127412,0.0120405499127402
20047,2021-01-10,355,"Edwards","Kansas",3.47462485021697,0.0223722977545339,199.690747086413,3.63123093449871,0.0223722977545324,199.690747086403,3.6312309344987,2021-01-17,362,3.34739467566918,0.0805630218263453,0.0805630218263393,0.084793185844687,0.0847931858446838
20049,2021-01-10,355,"Elk","Kansas",3.83174217416734,0.0187505493453758,150.646404615217,3.96299601958497,0.0187505493453748,150.646404615206,3.96299601958497,2021-01-17,362,3.92055790787798,0.00180099332525501,0.00180099332525437,0.0108245083236024,0.0108245083236005
20051,2021-01-10,355,"Ellis","Kansas",5.78777342172059,-0.0664794996170594,442.061025655424,5.32241692440117,0,354,5.78777342172059,2021-01-17,362,5.45897742656081,0.0186487707500934,0.108106806433106,0.0250157660471725,0.0602303269399885
20053,2021-01-10,355,"Ellsworth","Kansas",5.04065631035112,-0.0183155303064294,630.212141063787,4.91244759820611,0,354,5.04065631035112,2021-01-17,362,4.79460921055091,0.013885885605177,0.0605391753200922,0.0245772663590365,0.0513174461140148
20055,2021-01-10,355,"Finney","Kansas",5.8562991671918,-0.00244998080898613,2745.34491442213,5.8391493015289,0,354,5.8562991671918,2021-01-17,362,5.93602734021676,0.00938535438000552,0.00635658157389668,0.0163203491384724,0.0134312341327661
20057,2021-01-10,355,"Ford","Kansas",5.77366384020427,0.012061794659241,-123.673696851639,5.85809640281896,0.0120617946592407,-123.673696851652,5.85809640281895,2021-01-17,362,5.82220022947068,0.0012885352610497,0.00128853526104957,0.00616539657406157,0.00616539657406126
20059,2021-01-10,355,"Franklin","Kansas",6.23944007412337,0.0120567842124617,-162.504499058247,6.32383756361061,0.0120567842124606,-162.504499058295,6.3238375636106,2021-01-17,362,6.20887742371321,0.0132158337652298,0.013215833765228,0.0185154468436339,0.0185154468436326
20061,2021-01-10,355,"Geary","Kansas",6.22794730571831,0.0141967177102455,-83.689240205412,6.32732432969003,0.0141967177102451,-83.6892402054236,6.32732432969002,2021-01-17,362,6.59128172886761,0.0696735085805958,0.0696735085805972,0.0400464446879188,0.0400464446879192
20063,2021-01-10,355,"Gove","Kansas",3.00284974132285,-0.0348467313301745,441.173067794242,2.75892262201163,0,354,3.00284974132285,2021-01-17,362,3.13549421592915,0.14180616534558,0.0175945566435805,0.120099597698007,0.0423041681698622
20065,2021-01-10,355,"Graham","Kansas",3.03082359336526,0.0209066848193118,210.03088511835,3.17717038710044,0.020906684819312,210.030885118352,3.17717038710044,2021-01-17,362,3.15395627876888,0.000538894825629342,0.000538894825629425,0.00736031392946895,0.00736031392946952
20067,2021-01-10,355,"Grant","Kansas",3.72051653905712,-0.0473061173969407,433.64768329725,3.38937371727853,0,354,3.72051653905712,2021-01-17,362,3.49216915986788,0.0105669030171402,0.0521425255825927,0.029435986025728,0.0653884072436728
20069,2021-01-10,355,"Gray","Kansas",4.14086457785699,0.011428695823625,-7.32170684752385,4.22086544862237,0.011428695823624,-7.32170684755552,4.22086544862236,2021-01-17,362,3.92055790787798,0.0901846190279412,0.090184619027937,0.0765981648022459,0.0765981648022441
20073,2021-01-10,355,"Greenwood","Kansas",4.9638431325895,0.0303974771843704,191.702134769862,5.17662547288009,0.0303974771843691,191.702134769856,5.17662547288008,2021-01-17,362,4.87846352098777,0.0889005495562376,0.0889005495562323,0.0611180037750797,0.0611180037750779
20077,2021-01-10,355,"Harper","Kansas",4.46918681011628,0.0165020246363879,84.1734251649653,4.584700982571,0.0165020246363872,84.1734251649541,4.58470098257099,2021-01-17,362,4.71977356872709,0.0182446035308963,0.0182446035308975,0.0286184462430738,0.0286184462430748
20079,2021-01-10,355,"Harvey","Kansas",6.46614472423762,0.0201981731879932,34.864873716331,6.60753193655357,0.0201981731879926,34.8648737163208,6.60753193655357,2021-01-17,362,6.56001985008221,0.00225739836086183,0.00225739836086141,0.00724267419263417,0.00724267419263349
20081,2021-01-10,355,"Haskell","Kansas",3.73766961828337,-0.0432679802485193,441.384194427732,3.43479375654373,0,354,3.73766961828337,2021-01-17,362,3.59535339610311,0.0257793978554377,0.02025390709566,0.0446575404057371,0.0395833751237105
20085,2021-01-10,355,"Jackson","Kansas",5.21104621556032,-0.0170019551411591,661.496880640813,5.09203252957221,0,354,5.21104621556032,2021-01-17,362,5.2868229871223,0.0379433223525757,0.00574211910835676,0.0368445204283496,0.0143331395332432
20087,2021-01-10,355,"Jefferson","Kansas",5.72265095896058,-0.0102278901832585,914.514313942055,5.65105572767777,0,354,5.72265095896058,2021-01-17,362,5.78338552525517,0.017511175326874,0.00368868754299119,0.0228810265197659,0.010501559342597
20091,2021-01-10,355,"Johnson","Kansas",8.95616675807609,-0.00299795150096329,3342.42883438853,8.93518109756935,0,354,8.95616675807609,2021-01-17,362,8.99734161633972,0.00386393009380188,0.00169536895303007,0.00690876499092639,0.0045763359911615
20093,2021-01-10,355,"Kearny","Kansas",4.04305126783455,-0.0271957428084882,503.664858919487,3.85268106817513,0,354,4.04305126783455,2021-01-17,362,3.79066214842388,0.00384634640711248,0.0637002675968942,0.0163609726540892,0.0665818027374485
20095,2021-01-10,355,"Kingman","Kansas",4.44600696433729,-0.0361881592919967,477.858057754835,4.19268984929331,0,354,4.44600696433729,2021-01-17,362,4.3658246600976,0.0299756627122368,0.00642920191318594,0.0396568401811213,0.0183659011715546
20097,2021-01-10,355,"Kiowa","Kansas",3.630038954091,-0.0261697177333843,493.711429411415,3.44685092995731,0,354,3.630038954091,2021-01-17,362,3.93462283734539,0.237921433637,0.0927713419383202,0.123969164911665,0.0774112019997019
20099,2021-01-10,355,"Labette","Kansas",6.59010479660151,-0.0153864170891514,783.306652446593,6.48239987697745,0,354,6.59010479660151,2021-01-17,362,6.4569938959588,0.000645463871520297,0.0177185118699151,0.00393464535169477,0.0206149955827007
20103,2021-01-10,355,"Leavenworth","Kansas",6.64639051484773,-0.0136357373475862,842.424357438525,6.55094035341463,0,354,6.64639051484773,2021-01-17,362,6.6949156028062,0.0207288724373657,0.00235468416137721,0.0215051627135114,0.0072480507354163
20105,2021-01-10,355,"Lincoln","Kansas",4.18748789394134,-0.0383025544142678,464.326596045027,3.91937001304146,0,354,4.18748789394134,2021-01-17,362,3.99162605602711,0.00522093574794423,0.0383618595511376,0.018101906834822,0.0490681830324472
20107,2021-01-10,355,"Linn","Kansas",5.28754526956613,0.0495847035589911,248.363378420211,5.63463819447906,0.0495847035589891,248.363378420207,5.63463819447905,2021-01-17,362,5.17856811343811,0.207999918820704,0.207999918820692,0.0880687616828826,0.08806876168288
20111,2021-01-10,355,"Lyon","Kansas",6.0368475529558,-0.00272665472270928,2569.01246834708,6.01776096989684,0,354,6.0368475529558,2021-01-17,362,6.04602037079716,0.000798593739245426,8.41405871508117e-05,0.00467404989847916,0.00151716621493168
20113,2021-01-10,355,"McPherson","Kansas",6.18149441363777,-0.0017704342187119,3846.51318264463,6.16910137410679,0,354,6.18149441363777,2021-01-17,362,6.20340269458003,0.00117658058620828,0.000479972773845087,0.00552943636936786,0.00353165545119352
20115,2021-01-10,355,"Marion","Kansas",5.20322144950209,0.00867855545624926,-244.549253989655,5.26397133769584,0.00867855545625051,-244.549253989568,5.26397133769585,2021-01-17,362,5.32091719846528,0.00324283105877249,0.00324283105877148,0.0107022640355812,0.0107022640355795
20117,2021-01-10,355,"Marshall","Kansas",4.86423230105983,-0.00220264406233974,2563.36057183603,4.84881379262345,0,354,4.86423230105983,2021-01-17,362,4.89356628917353,0.00200278594746469,0.000860482858654668,0.00914517018990574,0.00599439884539784
20119,2021-01-10,355,"Meade","Kansas",3.91772102654278,-0.00283688133519947,1735.99573568075,3.89786285719639,0,354,3.91772102654278,2021-01-17,362,4.07024701064304,0.029716296359519,0.0232641758257516,0.042352258473723,0.0374733974870383
20121,2021-01-10,355,"Miami","Kansas",6.36006806191199,0.00694102935423662,-561.300412708956,6.40865526739164,0.00694102935423491,-561.300412709181,6.40865526739163,2021-01-17,362,6.38036463834145,0.000800359692055597,0.000800359692054944,0.00443401445744746,0.00443401445744565
20123,2021-01-10,355,"Mitchell","Kansas",4.71722254693549,0.00383877630717226,-873.83496444478,4.7440939810857,0.00383877630717055,-873.834964445326,4.74409398108569,2021-01-17,362,5.04250303294428,0.0890479622311383,0.0890479622311452,0.0591787550565624,0.0591787550565647
20125,2021-01-10,355,"Montgomery","Kansas",6.72073699552926,-0.0150430187130656,801.767841197457,6.6154358645378,0,354,6.72073699552926,2021-01-17,362,6.64304540858781,0.000762286922649561,0.00603598268148045,0.00415615765840165,0.0116951762577163
20127,2021-01-10,355,"Morris","Kansas",4.71338377062832,-0.00638979809877355,1092.64205030719,4.66865518393691,0,354,4.71338377062832,2021-01-17,362,4.59222967471236,0.00584085846023165,0.0146783149572146,0.0166423534182959,0.0263824121391647
20131,2021-01-10,355,"Nemaha","Kansas",4.69527202068527,-0.0546167473179133,440.96762442397,4.31295478945988,0,354,4.69527202068527,2021-01-17,362,4.53566698022112,0.0496007199136694,0.025473768941565,0.0491024124417484,0.0351888798626868
20133,2021-01-10,355,"Neosho","Kansas",6.00388706710654,0.0203106928475644,59.3977223147015,6.14606191703949,0.0203106928475627,59.3977223146768,6.14606191703948,2021-01-17,362,6.018940738392,0.0161597940607269,0.016159794060724,0.0211201911054952,0.0211201911054933
20137,2021-01-10,355,"Norton","Kansas",3.80029304148484,-0.0376219917895829,456.012542417733,3.53693909895776,0,354,3.80029304148484,2021-01-17,362,3.5715427474094,0.00119741248616445,0.0523266970396022,0.00968871182536907,0.0640480347719112
20139,2021-01-10,355,"Osage","Kansas",5.37593956473304,0.0159896811043451,18.7869429883658,5.48786733246346,0.0159896811043456,18.7869429883759,5.48786733246346,2021-01-17,362,5.45654137176293,0.000981315813811071,0.000981315813811293,0.00574099206186496,0.00574099206186561
20141,2021-01-10,355,"Osborne","Kansas",4.49663001741289,0.0225452383210562,155.550788003281,4.65444668566028,0.0225452383210563,155.550788003282,4.65444668566028,2021-01-17,362,4.69396568477122,0.00156175129073061,0.00156175129073054,0.00841910694813011,0.00841910694812992
20143,2021-01-10,355,"Ottawa","Kansas",4.51085950651685,-0.0202027073175187,578.279951326389,4.36944055529422,0,354,4.51085950651685,2021-01-17,362,4.40497556765943,0.00126273710379547,0.0112114085079626,0.00806701690381663,0.0240373498629152
20145,2021-01-10,355,"Pawnee","Kansas",5.07159599388594,-0.0177624563398438,640.523347494997,4.94725879950703,0,354,5.07159599388594,2021-01-17,362,4.81681935787657,0.0170144479328674,0.0649111342562516,0.0270799944816629,0.0528931265800439
20147,2021-01-10,355,"Phillips","Kansas",4.19827548507033,-0.00854706057845557,846.195241514124,4.13844606102114,0,354,4.19827548507033,2021-01-17,362,4.29241447598419,0.0237062728062341,0.00886214961028005,0.0358698853115175,0.0219314773632797
20149,2021-01-10,355,"Pottawatomie","Kansas",5.90885903444382,0.00116437040129634,-4719.72452740577,5.91700962725289,0.00116437040129558,-4719.72452740908,5.91700962725289,2021-01-17,362,5.86970038297988,0.00223816459368393,0.00223816459368342,0.00805990786347408,0.00805990786347317
20151,2021-01-10,355,"Pratt","Kansas",4.49980967033027,-0.00632913505164729,1065.96755458854,4.45550572496873,0,354,4.49980967033027,2021-01-17,362,4.46426473291085,7.67202201301413e-05,0.0012634425761498,0.00196202700022451,0.00796210340246417
20153,2021-01-10,355,"Rawlins","Kansas",3.74782198974739,0.00337268447863875,-756.228166608709,3.77143078109786,0.00337268447863837,-756.228166608835,3.77143078109785,2021-01-17,362,3.00284974132285,0.590716814701627,0.590716814701623,0.255950548972996,0.255950548972996
20155,2021-01-10,355,"Reno","Kansas",6.77324381440723,-0.0165319810524802,764.705515201464,6.65751994703987,0,354,6.77324381440723,2021-01-17,362,6.74708338216461,0.00802160891134492,0.000684368215120357,0.013274392808232,0.00387729493780472
20157,2021-01-10,355,"Republic","Kansas",4.66074003714291,-0.00539084863487101,1219.56518311322,4.62300409669881,0,354,4.66074003714291,2021-01-17,362,4.61370508843793,8.64715546358718e-05,0.00221228639967963,0.00201551856536762,0.0101946153478353
20159,2021-01-10,355,"Rice","Kansas",5.39232800101028,-0.00454103926625617,1542.46561851599,5.36054072614648,0,354,5.39232800101028,2021-01-17,362,5.25002707742026,0.0122132665547836,0.0202495528545725,0.0210501102368656,0.0271047980308594
20161,2021-01-10,355,"Riley","Kansas",6.71104498473608,0.00750636325468784,-539.047457741261,6.7635895275189,0.0075063632546879,-539.047457741254,6.7635895275189,2021-01-17,362,6.78267784664059,0.000364363926891407,0.000364363926891407,0.00281427476776632,0.00281427476776632
20163,2021-01-10,355,"Rooks","Kansas",4.801676377774,-0.008182395154941,941.830174643237,4.74439961168942,0,354,4.801676377774,2021-01-17,362,4.90103299053006,0.0245340153670371,0.00987173649835738,0.0319592582101156,0.0202725859932056
20165,2021-01-10,355,"Rush","Kansas",3.6959969218828,6.28036983473505e-16,-5884998844241633,3.69599692188281,0,354,3.6959969218828,2021-01-17,362,3.98367899433458,0.0827609748101488,0.0827609748101514,0.0722151741796729,0.072215174179674
20167,2021-01-10,355,"Russell","Kansas",4.35119917087862,0.026120888075636,188.420703068011,4.53404538740807,0.0261208880756358,188.42070306801,4.53404538740807,2021-01-17,362,4.31175743882733,0.0494119320842376,0.0494119320842372,0.0515539085244101,0.0515539085244099
20169,2021-01-10,355,"Saline","Kansas",7.21744343169653,-0.00240774782636462,3352.59109017405,7.20058919691198,0,354,7.21744343169653,2021-01-17,362,7.09861173822593,0.0103994020800661,0.0141209713730924,0.014365831298662,0.0167401314303049
20171,2021-01-10,355,"Scott","Kansas",3.45676723281697,-0.0611544231533349,411.525220165182,3.02868627074362,0,354,3.45676723281697,2021-01-17,362,3.42472787907235,0.156848955527605,0.00102652018837269,0.115641774270253,0.00935529912913703
20173,2021-01-10,355,"Sedgwick","Kansas",9.03795783055412,0.00585593393428443,-1188.38452789572,9.07894936809411,0.00585593393428496,-1188.38452789558,9.07894936809411,2021-01-17,362,9.13265678415177,0.00288448653959046,0.00288448653959008,0.00588080964028552,0.00588080964028513
20175,2021-01-10,355,"Seward","Kansas",5.60317256175697,-0.0305961122781733,538.133481496411,5.38899977580976,0,354,5.60317256175697,2021-01-17,362,5.29760282561017,0.00835340250578612,0.0933728636488264,0.017252510844669,0.0576807560335759
20177,2021-01-10,355,"Shawnee","Kansas",7.85654085930304,0.0144865470777682,-187.333574531374,7.95794668884742,0.0144865470777686,-187.333574531356,7.95794668884742,2021-01-17,362,7.98344006300654,0.000649912126016961,0.00064991212601678,0.00319328183814544,0.00319328183814499
20179,2021-01-10,355,"Sheridan","Kansas",3.67086094861126,-0.0180185055026775,558.727270725409,3.54473141009252,0,354,3.67086094861126,2021-01-17,362,3.62243435470578,0.00603774760157245,0.00234513499728584,0.0214504769457936,0.0133685221493569
20183,2021-01-10,355,"Smith","Kansas",3.6959969218828,0.0509200904272571,282.415743160103,4.0524375548736,0.0509200904272573,282.415743160103,4.0524375548736,2021-01-17,362,3.83483336673702,0.0473515826945819,0.0473515826945827,0.0567441052391122,0.0567441052391127
20185,2021-01-10,355,"Stafford","Kansas",3.82241084673846,0.0447358938413921,269.556064079315,4.1355621036282,0.0447358938413913,269.556064079314,4.1355621036282,2021-01-17,362,4.00733318523247,0.0164426555129393,0.0164426555129379,0.0319985667446549,0.0319985667446536
20189,2021-01-10,355,"Stevens","Kansas",3.96217278911362,0.024760549680654,194.98041884307,4.1354966368782,0.0247605496806522,194.980418843058,4.13549663687818,2021-01-17,362,3.88008995832514,0.065232571449506,0.0652325714494996,0.0658249373845207,0.0658249373845175
20191,2021-01-10,355,"Sumner","Kansas",5.89636863006204,0.00986785192943545,-242.533148270434,5.96544359356809,0.00986785192943351,-242.533148270551,5.96544359356807,2021-01-17,362,5.96284458972793,6.75482096113519e-06,6.75482096106594e-06,0.000435866439422426,0.000435866439420192
20193,2021-01-10,355,"Thomas","Kansas",4.74988876800318,-0.00370142310318089,1638.26015037872,4.72397880628092,0,354,4.74988876800318,2021-01-17,362,4.73117331219182,5.17609153020132e-05,0.000350268286227119,0.00152065997928316,0.00395577472571887
20195,2021-01-10,355,"Trego","Kansas",4.02023659006838,0.0607848910691227,288.861252042112,4.44573082755224,0.0607848910691224,288.861252042112,4.44573082755224,2021-01-17,362,4.24440525679783,0.0405319854395867,0.040531985439586,0.0474331640297452,0.0474331640297448
20197,2021-01-10,355,"Wabaunsee","Kansas",4.82945594188108,0.0383991329345404,229.23007831677,5.09824987242286,0.038399132934539,229.230078316766,5.09824987242285,2021-01-17,362,5.04434635143857,0.00290558957450422,0.00290558957450317,0.0106859278147944,0.0106859278147925
20201,2021-01-10,355,"Washington","Kansas",4.27069595202955,-0.0352977820810218,475.990490060443,4.0236114774624,0,354,4.27069595202955,2021-01-17,362,4.26869794936688,0.0600673787105848,3.9920146400525e-06,0.0574148077028569,0.000468059039635345
20205,2021-01-10,355,"Wilson","Kansas",5.36797668257815,-0.0184823742955988,645.437613518974,5.23860006250895,0,354,5.36797668257815,2021-01-17,362,5.20870520785835,0.000893702334580749,0.0253674026594187,0.00573940230011518,0.0305779398840818
20207,2021-01-10,355,"Woodson","Kansas",3.66721795733276,0.033398280401846,245.197401985701,3.90100592014568,0.0333982804018462,245.197401985701,3.90100592014568,2021-01-17,362,4.06535702534885,0.0270112857815036,0.0270112857815032,0.0404272255003403,0.04042722550034
20209,2021-01-10,355,"Wyandotte","Kansas",7.86112156766318,-0.0144862729503757,897.660047521699,7.75971765701055,0,354,7.86112156766318,2021-01-17,362,7.80529996803524,0.00207774707835093,0.00311605098502283,0.00583991790339314,0.00715175583982055
21001,2021-01-10,355,"Adair","Kentucky",5.18418836107026,0.0259544171380471,155.257954802204,5.36586928103659,0.0259544171380464,155.257954802198,5.36586928103659,2021-01-17,362,5.23339782044872,0.0175486878702843,0.0175486878702828,0.0253127060339766,0.0253127060339756
21003,2021-01-10,355,"Allen","Kentucky",5.79822647857268,0.0078295310797075,-385.558587678445,5.85303319613063,0.00782953107970652,-385.558587678538,5.85303319613062,2021-01-17,362,5.78470391700843,0.00466889038536029,0.00466889038535932,0.011812061620181,0.0118120616201797
21005,2021-01-10,355,"Anderson","Kentucky",5.89006443266625,0.0163382793539705,-5.50702188751939,6.00443238814404,0.0163382793539713,-5.5070218875029,6.00443238814405,2021-01-17,362,5.88610403145016,0.0140015999978761,0.0140015999978774,0.0201030012486436,0.0201030012486445
21007,2021-01-10,355,"Ballard","Kentucky",3.91487607441055,0.0143474484081421,82.1378183044113,4.01530821326755,0.0143474484081412,82.1378183043939,4.01530821326754,2021-01-17,362,3.99688922607139,0.000339259089332256,0.000339259089332027,0.00460833066776359,0.00460833066776203
21009,2021-01-10,355,"Barren","Kentucky",5.94242435168334,0.0401814145391302,207.110125543331,6.22369425345725,0.0401814145391288,207.110125543326,6.22369425345724,2021-01-17,362,6.19498831155254,0.000824031100636802,0.000824031100636241,0.00463373624953938,0.0046337362495378
21011,2021-01-10,355,"Bath","Kentucky",4.95381295822956,0.0203673028244367,111.776191676888,5.09638407800062,0.0203673028244351,111.776191676869,5.09638407800061,2021-01-17,362,5.02575845567047,0.00498797852952008,0.00498797852951857,0.0140527291458781,0.0140527291458759
21013,2021-01-10,355,"Bell","Kentucky",6.02206303060762,0.0128989064002396,-111.866170181355,6.1123553754093,0.0128989064002383,-111.866170181402,6.11235537540929,2021-01-17,362,6.16990955215601,0.00331248326099218,0.0033124832609932,0.00932820428892736,0.0093282042889288
21015,2021-01-10,355,"Boone","Kentucky",7.63488972183022,0.0323457531588863,118.960057311799,7.86130999394242,0.0323457531588849,118.960057311789,7.86130999394241,2021-01-17,362,7.76593251922597,0.00909686268328693,0.00909686268328506,0.0122815224675627,0.0122815224675614
21017,2021-01-10,355,"Bourbon","Kentucky",5.87533193446824,0.0223087734823423,91.6358155405249,6.03149334884464,0.0223087734823419,91.6358155405207,6.03149334884464,2021-01-17,362,5.9100220506633,0.0147552762818597,0.0147552762818591,0.0205534424643485,0.020553442464348
21019,2021-01-10,355,"Boyd","Kentucky",6.69932439224181,0.0425978680634197,197.730993432163,6.99750946868575,0.0425978680634174,197.730993432154,6.99750946868573,2021-01-17,362,6.88404789518017,0.0128735286623617,0.0128735286623579,0.0164818105906872,0.0164818105906847
21021,2021-01-10,355,"Boyle","Kentucky",6.87316383421252,0.0288048717891736,116.388841286361,7.07479793673673,0.0288048717891742,116.388841286366,7.07479793673674,2021-01-17,362,6.9177056098353,0.0246779991713052,0.0246779991713066,0.022708732600312,0.0227087326003126
21023,2021-01-10,355,"Bracken","Kentucky",4.34565899050301,0.0168071183163814,96.4393765368206,4.46330881871768,0.0168071183163798,96.4393765367957,4.46330881871766,2021-01-17,362,4.63195120866574,0.0284402556873935,0.0284402556873974,0.0364084987839581,0.0364084987839606
21025,2021-01-10,355,"Breathitt","Kentucky",5.31601694364744,0.00492438561067756,-724.528973547625,5.35048764292218,0.00492438561067754,-724.528973547629,5.35048764292218,2021-01-17,362,5.33685103055028,0.000185957196981524,0.000185957196981524,0.00255517950451325,0.00255517950451325
21027,2021-01-10,355,"Breckinridge","Kentucky",5.26712151077956,0.0444517625708385,236.50927643452,5.57828384877543,0.0444517625708372,236.509276434517,5.57828384877542,2021-01-17,362,5.46806014113513,0.0121492657259733,0.0121492657259711,0.0201577350642331,0.0201577350642313
21029,2021-01-10,355,"Bullitt","Kentucky",6.72280168999983,0.0233013498381565,66.4844531885834,6.88591113886693,0.0233013498381558,66.4844531885748,6.88591113886692,2021-01-17,362,6.87788499966522,6.44189104852657e-05,6.44189104851944e-05,0.001166948735273,0.00116694873527236
21031,2021-01-10,355,"Butler","Kentucky",5.19454289404584,0.0248709169167039,146.139871865478,5.36863931246277,0.0248709169167025,146.139871865466,5.36863931246276,2021-01-17,362,5.4510384535657,0.00678961845450041,0.00678961845450201,0.0151162281838296,0.0151162281838314
21033,2021-01-10,355,"Caldwell","Kentucky",4.76461296039711,0.0576600800990771,272.367215719956,5.16823352109065,0.0576600800990761,272.367215719954,5.16823352109065,2021-01-17,362,5.16967197712914,2.06915577466553e-06,2.06915577468597e-06,0.000278248996232801,0.000278248996234175
21035,2021-01-10,355,"Calloway","Kentucky",6.090663260652,0.0395830038696628,201.129331651861,6.36774428773964,0.0395830038696623,201.129331651859,6.36774428773964,2021-01-17,362,6.3122532124823,0.00307925943321517,0.00307925943321477,0.00879100907226004,0.00879100907225948
21037,2021-01-10,355,"Campbell","Kentucky",7.06500319822397,0.0406083942875274,181.021114053408,7.34926195823666,0.0406083942875268,181.021114053405,7.34926195823666,2021-01-17,362,7.24290010437051,0.0113128439578456,0.0113128439578446,0.0146849814761321,0.0146849814761315
21039,2021-01-10,355,"Carlisle","Kentucky",4.53566698022112,0.00768643292415641,-235.087368871291,4.58947201069021,0.00768643292415572,-235.087368871344,4.58947201069021,2021-01-17,362,4.51085950651685,0.0061799258124069,0.00617992581240621,0.0174273891837666,0.0174273891837656
21041,2021-01-10,355,"Carroll","Kentucky",4.95179479407332,0.066830708482456,280.90539728644,5.41960975345051,0.0668307084824553,280.905397286439,5.41960975345051,2021-01-17,362,5.32370660055286,0.00919741473571122,0.00919741473571036,0.018014357306561,0.0180143573065601
21043,2021-01-10,355,"Carter","Kentucky",6.01824556978562,-0.0378690993751711,513.922331639381,5.75316187415943,0,354,6.01824556978562,2021-01-17,362,5.8264214261143,0.00536696195262862,0.0367965020952372,0.012573678866846,0.0329231495016066
21045,2021-01-10,355,"Casey","Kentucky",4.79224234554065,0.0251962939188877,164.803681407754,4.96861640297286,0.0251962939188877,164.803681407753,4.96861640297286,2021-01-17,362,4.96484063890662,1.42563942839203e-05,1.42563942839203e-05,0.000760500555980179,0.000760500555980179
21047,2021-01-10,355,"Christian","Kentucky",6.99903135870955,0.015638665521788,-92.5465856698825,7.10850201736206,0.0156386655217888,-92.5465856698598,7.10850201736207,2021-01-17,362,7.05185562295589,0.00320881399921933,0.00320881399921994,0.00803283524718923,0.00803283524718999
21049,2021-01-10,355,"Clark","Kentucky",5.83188247728352,0.0353906045230516,190.213821411699,6.07961670894488,0.035390604523049,190.213821411687,6.07961670894486,2021-01-17,362,6.12936139724214,0.00247453401379214,0.00247453401379399,0.00811580278487871,0.00811580278488175
21051,2021-01-10,355,"Clay","Kentucky",6.26936680988132,0.0388853623028356,193.773089959763,6.54156434600117,0.0388853623028362,193.773089959765,6.54156434600117,2021-01-17,362,6.34086308207594,0.0402809973411847,0.0402809973411865,0.0316520418951425,0.0316520418951432
21053,2021-01-10,355,"Clinton","Kentucky",5.84354441703136,0.0217672888997641,86.5446841386528,5.99591543932971,0.0217672888997642,86.5446841386544,5.99591543932971,2021-01-17,362,5.89085463420875,0.0110377727726632,0.0110377727726634,0.0178345607971476,0.0178345607971478
21055,2021-01-10,355,"Crittenden","Kentucky",4.71722254693549,0.0700881618483704,287.695872990067,5.20783967987408,0.0700881618483704,287.695872990067,5.20783967987408,2021-01-17,362,4.90209512552105,0.0934797325165334,0.0934797325165334,0.0623701797954263,0.0623701797954263
21057,2021-01-10,355,"Cumberland","Kentucky",4.71594459149,0.0498137057122244,260.328372501853,5.06464053147557,0.049813705712225,260.328372501855,5.06464053147558,2021-01-17,362,4.84755598352469,0.0471257009590372,0.0471257009590391,0.044782267329904,0.0447822673299049
21059,2021-01-10,355,"Daviess","Kentucky",7.40731771046942,0.0144063259000082,-159.171188537752,7.50816199176947,0.0144063259000085,-159.171188537743,7.50816199176948,2021-01-17,362,7.52201384754861,0.00019187390852609,0.00019187390852604,0.00184150894426419,0.00184150894426395
21061,2021-01-10,355,"Edmonson","Kentucky",4.76095218754743,0.0323009447883255,207.606410780028,4.98705880106571,0.0323009447883233,207.606410780019,4.9870588010657,2021-01-17,362,4.85981240436167,0.0161916454741623,0.0161916454741585,0.0261833968302641,0.026183396830261
21063,2021-01-10,355,"Elliott","Kentucky",4.67948221895265,-1.25607396694711e-15,3725483006646955,4.67948221895264,0,354,4.67948221895265,2021-01-17,362,4.74617359345131,0.00444773943252279,0.0044477394325216,0.014051608771895,0.0140516087718932
21065,2021-01-10,355,"Estill","Kentucky",4.92414326274281,-0.00724265969930403,1034.88052278861,4.87344464484769,0,354,4.92414326274281,2021-01-17,362,4.99431232006433,0.0146089949122755,0.00492369660538975,0.0242010646252665,0.0140497936101459
21067,2021-01-10,355,"Fayette","Kentucky",8.23520914007909,0.025162419902244,27.7179193387244,8.4113460793948,0.0251624199022427,27.7179193387075,8.41134607939479,2021-01-17,362,8.38424938123338,0.00073423105125132,0.000734231051250838,0.00323185737080711,0.00323185737080605
21069,2021-01-10,355,"Fleming","Kentucky",5.49247338098899,-0.00293685967331201,2225.18584200685,5.47191536327581,0,354,5.49247338098899,2021-01-17,362,5.51573024315326,0.00191974369867563,0.000540881637727798,0.0079436226838397,0.00421646112826816
21071,2021-01-10,355,"Floyd","Kentucky",6.13896048008288,0.0335296958452149,171.909747454241,6.37366835099938,0.033529695845214,171.909747454236,6.37366835099938,2021-01-17,362,6.34813949104671,0.000651722690483013,0.000651722690482696,0.00402147117099032,0.00402147117098934
21073,2021-01-10,355,"Franklin","Kentucky",6.06079069638505,0.0151085633722771,-46.1493711907824,6.16655063999099,0.0151085633722756,-46.1493711908223,6.16655063999098,2021-01-17,362,6.2174611674046,0.00259188180153118,0.00259188180153226,0.00818831449732312,0.00818831449732483
21075,2021-01-10,355,"Fulton","Kentucky",3.90341463089155,0.0057803629155007,-320.288850882372,3.94387717130005,0.00578036291549955,-320.288850882507,3.94387717130004,2021-01-17,362,3.87713574642771,0.0044544177939909,0.00445441779398984,0.0172141057825584,0.0172141057825564
21077,2021-01-10,355,"Gallatin","Kentucky",4.14086457785699,0.0299907136836841,216.928441532562,4.35079957364278,0.0299907136836826,216.928441532554,4.35079957364277,2021-01-17,362,4.47895887485007,0.0164248064859412,0.0164248064859439,0.0286136365142627,0.0286136365142651
21079,2021-01-10,355,"Garrard","Kentucky",5.33685103055028,0.010362787035546,-160.001515735489,5.4093905397991,0.0103627870355458,-160.001515735499,5.4093905397991,2021-01-17,362,5.40396355568302,2.94521565961859e-05,2.94521565961666e-05,0.00100425993997922,0.00100425993997889
21081,2021-01-10,355,"Grant","Kentucky",5.78864869529944,0.0145409039225131,-43.0941436754222,5.89043502275704,0.0145409039225122,-43.0941436754479,5.89043502275703,2021-01-17,362,5.80168668963757,0.00787626663148309,0.00787626663148198,0.0152969882496372,0.0152969882496361
21083,2021-01-10,355,"Graves","Kentucky",6.52230286013921,0.0272531237778703,115.676870904782,6.7130747265843,0.0272531237778697,115.676870904777,6.71307472658429,2021-01-17,362,6.68228760040384,0.000947847138451674,0.0009478471384514,0.00460727344010174,0.00460727344010107
21085,2021-01-10,355,"Grayson","Kentucky",5.53733426701854,0.0158733491562914,6.15526581711865,5.64844771111258,0.0158733491562906,6.15526581710052,5.64844771111257,2021-01-17,362,5.69805179994721,0.00246056562911464,0.00246056562911526,0.0087054471556572,0.00870544715565829
21087,2021-01-10,355,"Green","Kentucky",4.8795498872,-0.0129451645920325,731.939964919663,4.78893373505577,0,354,4.8795498872,2021-01-17,362,4.87628724156518,0.00763063509948903,1.06448565384139e-05,0.0179139378346729,0.000669083971717252
21089,2021-01-10,355,"Greenup","Kentucky",6.46012799299476,0.0207776218946633,44.0824163734528,6.6055713462574,0.0207776218946627,44.0824163734435,6.6055713462574,2021-01-17,362,6.50514323985638,0.0100858045552956,0.0100858045552947,0.0154382621101579,0.0154382621101573
21091,2021-01-10,355,"Hancock","Kentucky",5.08583110970782,0.0507355180414011,254.757974175849,5.44097973599763,0.0507355180413986,254.757974175844,5.44097973599761,2021-01-17,362,5.31461244903454,0.0159686912144112,0.0159686912144067,0.0237773286716406,0.0237773286716373
21093,2021-01-10,355,"Hardin","Kentucky",7.0970760932487,0.0292692118326454,112.524181592995,7.30196057607722,0.0292692118326432,112.524181592976,7.3019605760772,2021-01-17,362,7.29097477814298,0.00012068775625188,0.000120687756251528,0.00150676669012354,0.00150676669012135
21095,2021-01-10,355,"Harlan","Kentucky",6.16271311929928,0.00603684296380455,-665.850327936211,6.20497102004591,0.00603684296380536,-665.850327936075,6.20497102004592,2021-01-17,362,6.22059017009974,0.000243957848403914,0.000243957848403748,0.00251087913312492,0.00251087913312406
21097,2021-01-10,355,"Harrison","Kentucky",5.67430462151914,0.0564951021600902,254.561122919296,6.06977033663977,0.0564951021600892,254.561122919294,6.06977033663977,2021-01-17,362,6.02483024095178,0.00201961220044565,0.00201961220044501,0.00745914721090797,0.00745914721090679
21099,2021-01-10,355,"Hart","Kentucky",5.02669610224644,0.0323837821821101,199.777361891245,5.25338257752121,0.0323837821821096,199.777361891242,5.2533825775212,2021-01-17,362,5.24250258744164,0.000118374184131512,0.000118374184131435,0.00207534281540109,0.00207534281540041
21101,2021-01-10,355,"Henderson","Kentucky",6.46947177621424,0.0303496374556543,141.835286396183,6.68191923840382,0.0303496374556538,141.835286396179,6.68191923840382,2021-01-17,362,6.66750190010147,0.000207859643724473,0.000207859643724371,0.0021623298378262,0.00216232983782566
21103,2021-01-10,355,"Henry","Kentucky",5.25898236114936,0,354,5.25898236114936,0,354,5.25898236114936,2021-01-17,362,5.26416947911547,2.69061927943969e-05,2.69061927943969e-05,0.000985363025771532,0.000985363025771532
21107,2021-01-10,355,"Hopkins","Kentucky",6.50599757566229,0.0252959115326103,97.804382942474,6.68306895639057,0.0252959115326092,97.8043829424632,6.68306895639056,2021-01-17,362,6.58636867977896,0.00935094349676023,0.00935094349675885,0.014681880306592,0.014681880306591
21109,2021-01-10,355,"Jackson","Kentucky",5.19928598594186,0.0476472843823777,245.879699581267,5.5328169766185,0.0476472843823759,245.879699581263,5.53281697661849,2021-01-17,362,5.41419382393384,0.0140714523528481,0.0140714523528452,0.0219096612611609,0.0219096612611586
21111,2021-01-10,355,"Jefferson","Kentucky",9.11593549654588,0.0185238898553708,-137.117776974517,9.24560272553347,0.0185238898553717,-137.117776974493,9.24560272553348,2021-01-17,362,9.24791137345479,5.32985522459627e-06,5.32985522457166e-06,0.000249639927123724,0.000249639927123147
21113,2021-01-10,355,"Jessamine","Kentucky",6.17764768600634,0.03009556056047,149.732260474305,6.38831660992963,0.0300955605604694,149.732260474301,6.38831660992962,2021-01-17,362,6.41416128658871,0.000667947311612582,0.000667947311612812,0.00402931505840396,0.00402931505840466
21115,2021-01-10,355,"Johnson","Kentucky",5.51285254332565,0.0520519622033251,249.089438515471,5.87721627874892,0.0520519622033211,249.089438515463,5.87721627874889,2021-01-17,362,5.73241620745157,0.0209670606477175,0.0209670606477092,0.025259867053813,0.025259867053808
21117,2021-01-10,355,"Kenton","Kentucky",7.82655714104241,0.0299116916770788,93.3445501666537,8.03593898278196,0.0299116916770794,93.3445501666592,8.03593898278196,2021-01-17,362,7.97688971451319,0.00348681608307767,0.00348681608307808,0.00740254289354656,0.007402542893547
21119,2021-01-10,355,"Knott","Kentucky",4.78271846402938,0.00479617226349017,-642.194888189652,4.81629166987382,0.00479617226348861,-642.194888189976,4.8162916698738,2021-01-17,362,4.76947323727937,0.00219196563060073,0.00219196563059973,0.00981626906478942,0.00981626906478718
21121,2021-01-10,355,"Knox","Kentucky",6.16871373736479,0.0393523401226423,198.244042968223,6.44418011822328,0.0393523401226421,198.244042968222,6.44418011822328,2021-01-17,362,6.36548812938133,0.00619242910790252,0.00619242910790224,0.0123622866373335,0.0123622866373332
21123,2021-01-10,355,"Larue","Kentucky",5.03416579150645,-0.0211696815077131,592.800733547752,4.88597802095246,0,354,5.03416579150645,2021-01-17,362,5.02763287046483,0.0200660963903716,4.26790573360857e-05,0.0281752572556618,0.00129940296158088
21125,2021-01-10,355,"Laurel","Kentucky",6.84846013016756,0.0306295587134093,131.410094763482,7.06286704116142,0.0306295587134073,131.410094763467,7.06286704116141,2021-01-17,362,7.02095640513341,0.00175650141227288,0.00175650141227169,0.00596936280609483,0.0059693628060928
21127,2021-01-10,355,"Lawrence","Kentucky",5.76384671539885,0.0139988738994056,-56.736455147553,5.86183883269469,0.0139988738994044,-56.7364551475889,5.86183883269468,2021-01-17,362,5.80556516896614,0.00316672522943376,0.00316672522943276,0.00969305521353226,0.00969305521353073
21129,2021-01-10,355,"Lee","Kentucky",4.14086457785699,0.0137301928119015,53.4117678036063,4.2369759275403,0.0137301928119022,53.4117678036234,4.23697592754031,2021-01-17,362,4.22995712105045,4.92636445420537e-05,4.92636445421286e-05,0.00165930913458376,0.00165930913458502
21131,2021-01-10,355,"Leslie","Kentucky",4.97476135519337,0.043375432751255,240.309239824254,5.27838938445216,0.0433754327512546,240.309239824253,5.27838938445215,2021-01-17,362,5.14166355650266,0.0186939520284754,0.0186939520284747,0.0265917492358246,0.0265917492358241
21133,2021-01-10,355,"Letcher","Kentucky",6.04905937364256,-0.00470905680157337,1639.55859178031,6.01609597603155,0,354,6.04905937364256,2021-01-17,362,5.99680739151848,0.000372049492517995,0.002730269635896,0.00321647557671346,0.0087133000466198
21135,2021-01-10,355,"Lewis","Kentucky",5.31250200153999,0.0343873423094803,200.509956723949,5.55321339770636,0.0343873423094774,200.509956723936,5.55321339770634,2021-01-17,362,5.33891076351329,0.0459256190220878,0.0459256190220791,0.0401397670209504,0.0401397670209466
21137,2021-01-10,355,"Lincoln","Kentucky",5.99467367804893,-0.0113275547499464,884.211626902735,5.91538079479931,0,354,5.99467367804893,2021-01-17,362,5.93866636154101,0.000542217618482383,0.00313681950241828,0.00392100941930376,0.00943095858535255
21139,2021-01-10,355,"Livingston","Kentucky",4.62637239363869,0.0197746556594173,121.045362644003,4.76479498325461,0.0197746556594174,121.045362644004,4.76479498325461,2021-01-17,362,4.6388812433304,0.0158542699017028,0.0158542699017031,0.0271431263961001,0.0271431263961003
21141,2021-01-10,355,"Logan","Kentucky",5.85752490789686,0.00491200332696244,-837.492048151589,5.89190893118559,0.00491200332696273,-837.492048151517,5.89190893118559,2021-01-17,362,5.84395840999939,0.00229925248202831,0.00229925248202848,0.00820514415437224,0.00820514415437255
21143,2021-01-10,355,"Lyon","Kentucky",4.4274096405217,-0.00680274732275503,1005.8267072793,4.37979040926241,0,354,4.4274096405217,2021-01-17,362,4.29045944114839,0.00798002186418845,0.0187553571083887,0.0208208396651599,0.0319197049294682
21145,2021-01-10,355,"McCracken","Kentucky",6.52733115483174,0.00439837341186286,-1129.0329693761,6.55811976871478,0.00439837341186422,-1129.03296937564,6.55811976871479,2021-01-17,362,6.59870363793692,0.00164705044103928,0.00164705044103849,0.00615027912282823,0.00615027912282675
21147,2021-01-10,355,"McCreary","Kentucky",5.84437223164817,-0.0106996905542599,901.218809040356,5.76947439776835,0,354,5.84437223164817,2021-01-17,362,5.71984328280639,0.00246324757236779,0.0155074590996395,0.00867700608356773,0.0217713917470628
21149,2021-01-10,355,"McLean","Kentucky",4.76947323727937,0.0408219945202591,238.164130186917,5.05522719892118,0.0408219945202575,238.164130186913,5.05522719892117,2021-01-17,362,4.96583715119636,0.0079905806322463,0.0079905806322444,0.0180010026513431,0.018001002651341
21151,2021-01-10,355,"Madison","Kentucky",6.93258725468332,0.000697009856062266,-9591.18253154804,6.93746632367576,0.00069700985606147,-9591.18253155939,6.93746632367575,2021-01-17,362,7.0830282431863,0.0211882724115938,0.0211882724115954,0.0205508032034985,0.0205508032034992
21153,2021-01-10,355,"Magoffin","Kentucky",4.17438726989564,0.015504186535965,85.757414443361,4.28291657564739,0.0155041865359653,85.7574144433669,4.28291657564739,2021-01-17,362,4.28850057666306,3.11810673429741e-05,3.11810673429444e-05,0.00130208703854538,0.00130208703854476
21155,2021-01-10,355,"Marion","Kentucky",5.47046833013762,0.00845415663332973,-292.074399895881,5.52964742657092,0.00845415663332894,-292.074399895942,5.52964742657092,2021-01-17,362,5.55074228911297,0.00044499322566772,0.000444993225667945,0.00380036785051586,0.00380036785051682
21157,2021-01-10,355,"Marshall","Kentucky",6.19847871649231,0.0243950378225163,100.912313742298,6.36924398124992,0.024395037822516,100.912313742294,6.36924398124992,2021-01-17,362,6.24277897538889,0.0159933977074316,0.0159933977074309,0.0202578060763647,0.0202578060763643
21159,2021-01-10,355,"Martin","Kentucky",4.92518114555523,0.00520021972710858,-592.110199955672,4.96158268364499,0.00520021972710971,-592.110199955465,4.961582683645,2021-01-17,362,4.91998092582813,0.00173070625345348,0.00173070625345414,0.00845567461419931,0.00845567461420094
21161,2021-01-10,355,"Mason","Kentucky",5.37130225930452,-0.0138478968587935,742.878557594376,5.27436698129297,0,354,5.37130225930452,2021-01-17,362,5.47046833013762,0.0384557390186896,0.00983390960447376,0.0358472688278433,0.0181275285493878
21163,2021-01-10,355,"Meade","Kentucky",5.68357976733868,0.00340715832161366,-1313.12904797652,5.70742987558998,0.00340715832161376,-1313.12904797648,5.70742987558998,2021-01-17,362,5.76698081243482,0.00354631407909819,0.00354631407909809,0.0103261895230233,0.0103261895230231
21165,2021-01-10,355,"Menifee","Kentucky",4.5013957134859,-0.0203928635631429,575.733870922449,4.3586456685439,0,354,4.5013957134859,2021-01-17,362,4.43590586835078,0.00596913847419988,0.00428891981582136,0.0174170061538321,0.0147635786418217
21167,2021-01-10,355,"Mercer","Kentucky",6.16901282514928,-0.0148414715895801,770.6604544175,6.06512252402222,0,354,6.16901282514928,2021-01-17,362,6.34413146964918,0.0778459917398659,0.0306665396514808,0.0439790611152618,0.0276032496075589
21169,2021-01-10,355,"Metcalfe","Kentucky",4.73870157861261,0.0176549352387213,86.5933751929287,4.86228612528366,0.0176549352387214,86.5933751929303,4.86228612528366,2021-01-17,362,4.83967749595261,0.00051115012022871,0.00051115012022875,0.00467151568466186,0.00467151568466205
21171,2021-01-10,355,"Monroe","Kentucky",5.09111746563097,0.0204179307920615,105.654583097598,5.2340429811754,0.0204179307920613,105.654583097596,5.23404298117539,2021-01-17,362,5.16233399067623,0.00514217931840953,0.00514217931840927,0.0138908080392863,0.013890808039286
21173,2021-01-10,355,"Montgomery","Kentucky",5.7420870173377,0.0302418952581538,165.128070072278,5.95378028414478,0.0302418952581531,165.128070072273,5.95378028414478,2021-01-17,362,6.03102860790412,0.00596730352362785,0.00596730352362867,0.0128084823968668,0.0128084823968677
21175,2021-01-10,355,"Morgan","Kentucky",5.97308233910993,0.276468353932361,333.395059491795,7.90836081663646,0.276468353932343,333.395059491794,7.90836081663634,2021-01-17,362,6.96656312541072,0.886982891198126,0.886982891197893,0.135188280687575,0.135188280687557
21177,2021-01-10,355,"Muhlenberg","Kentucky",6.14907861024846,0.0240826705159576,99.667909392608,6.31765730386016,0.0240826705159565,99.6679093925957,6.31765730386016,2021-01-17,362,6.19236248947487,0.0156987905118447,0.0156987905118427,0.0202337661269434,0.0202337661269422
21179,2021-01-10,355,"Nelson","Kentucky",6.37526815843497,0.0498856545108678,227.202375192931,6.72446774001104,0.0498856545108675,227.20237519293,6.72446774001104,2021-01-17,362,6.68246657132154,0.00176409817128403,0.00176409817128381,0.006285279281419,0.0062852792814186
21181,2021-01-10,355,"Nicholas","Kentucky",4.72485617179056,0.0480299968960429,256.626973201411,5.06106615006286,0.0480299968960418,256.626973201409,5.06106615006286,2021-01-17,362,4.89034912822175,0.029144301546298,0.0291443015462956,0.034908964036109,0.0349089640361075
21183,2021-01-10,355,"Ohio","Kentucky",5.79039694749297,0.054746733988749,249.233015823684,6.17362408541421,0.0547467339887469,249.23301582368,6.1736240854142,2021-01-17,362,6.07205655443829,0.0103159633485462,0.0103159633485431,0.016727039688339,0.0167270396883365
21185,2021-01-10,355,"Oldham","Kentucky",7.07773913360897,0.0338309012973604,145.790701335492,7.31455544269049,0.0338309012973594,145.790701335486,7.31455544269048,2021-01-17,362,7.44633502621848,0.0173658586348108,0.0173658586348127,0.0176972407317152,0.0176972407317161
21187,2021-01-10,355,"Owen","Kentucky",4.79814903725603,-0.0128732029362086,727.723793840009,4.70803661670257,0,354,4.79814903725603,2021-01-17,362,4.649870364906,0.0033833128480618,0.0219865646738874,0.0125092200925787,0.0318887755385901
21189,2021-01-10,355,"Owsley","Kentucky",4.21950770517611,0.0255333020051651,189.744926280097,4.39824081921226,0.0255333020051651,189.744926280097,4.39824081921226,2021-01-17,362,4.14765962098982,0.0627909369025941,0.0627909369025941,0.0604150825092635,0.0604150825092635
21191,2021-01-10,355,"Pendleton","Kentucky",4.75605021694722,0,354,4.75605021694722,0,354,4.75605021694722,2021-01-17,362,4.93138592244212,0.0307426096213919,0.0307426096213919,0.0355550565809426,0.0355550565809426
21193,2021-01-10,355,"Perry","Kentucky",5.67724291942159,-0.00195407976199639,3260.32813953378,5.66356436108761,0,354,5.67724291942159,2021-01-17,362,5.83648018653215,0.0298998826891648,0.0253565072368397,0.0296267304810771,0.0272830990633712
21195,2021-01-10,355,"Pike","Kentucky",6.8507313098856,0.0167763580770652,-53.3562879628319,6.96816581642506,0.016776358077065,-53.3562879628356,6.96816581642506,2021-01-17,362,6.97608126148139,6.26542704397951e-05,6.26542704398092e-05,0.00113465493873134,0.00113465493873147
21197,2021-01-10,355,"Powell","Kentucky",4.8497956261182,-0.00335008688527758,1802.66264046204,4.82634501792126,0,354,4.8497956261182,2021-01-17,362,4.82945594188108,9.67784788376654e-06,0.000413702754865972,0.000644156194249447,0.00421158914832199
21199,2021-01-10,355,"Pulaski","Kentucky",6.93397981861815,0.00502233198541174,-1025.62952404563,6.96913614251603,0.0050223319854128,-1025.62952404534,6.96913614251604,2021-01-17,362,6.93842303614742,0.000943294902809628,0.000943294902810065,0.00442652548116535,0.00442652548116638
21201,2021-01-10,355,"Robertson","Kentucky",3.67449071666184,0.0369045569354506,255.432601776283,3.93282261520999,0.0369045569354505,255.432601776283,3.93282261520999,2021-01-17,362,3.62243435470578,0.0963408722588279,0.0963408722588273,0.0856849924971015,0.0856849924971012
21203,2021-01-10,355,"Rockcastle","Kentucky",5.46080058112233,0.0283270171809228,162.222887385405,5.65908970138879,0.0283270171809233,162.222887385409,5.65908970138879,2021-01-17,362,5.63529967714103,0.000565965253708681,0.00056596525370885,0.00422160765367185,0.00422160765367249
21205,2021-01-10,355,"Rowan","Kentucky",5.72078005102477,0.0415830518411845,217.425199745469,6.01186141391306,0.0415830518411839,217.425199745467,6.01186141391306,2021-01-17,362,5.92616383081156,0.00734407574943882,0.00734407574943821,0.0144608865951257,0.0144608865951251
21207,2021-01-10,355,"Russell","Kentucky",5.34982492369397,0.0240313658619141,132.38157063421,5.51804448472737,0.024031365861914,132.38157063421,5.51804448472737,2021-01-17,362,5.4211669108257,0.00938526432507393,0.00938526432507376,0.0178702437123296,0.0178702437123294
21209,2021-01-10,355,"Scott","Kentucky",6.21517936379048,0.035458524368732,179.71974019113,6.46338903437161,0.0354585243687318,179.719740191129,6.46338903437161,2021-01-17,362,6.47609285535717,0.000161387067633349,0.000161387067633394,0.0019616489864037,0.00196164898640398
21211,2021-01-10,355,"Shelby","Kentucky",6.32461494599976,0.0212113487944355,56.8287235152658,6.47309438756081,0.0212113487944352,56.8287235152618,6.4730943875608,2021-01-17,362,6.41719902697821,0.00312429133465855,0.00312429133465836,0.00871024263819938,0.0087102426381991
21213,2021-01-10,355,"Simpson","Kentucky",5.60422519343312,0.0100450223431062,-202.910674761139,5.67454034983486,0.010045022343105,-202.910674761207,5.67454034983485,2021-01-17,362,5.57703076901706,0.00950811835126405,0.00950811835126232,0.0174841389363521,0.0174841389363505
21215,2021-01-10,355,"Spencer","Kentucky",5.19770745364881,0.0087267511382388,-240.606242381949,5.25879471161648,0.00872675113823895,-240.606242381939,5.25879471161648,2021-01-17,362,5.30756023362922,0.00237807613717452,0.00237807613717443,0.00918793567405071,0.00918793567405054
21217,2021-01-10,355,"Taylor","Kentucky",5.87412784040344,0.0347328069188924,185.876673626735,6.11725748883569,0.0347328069188908,185.876673626727,6.11725748883568,2021-01-17,362,6.01266675475859,0.0109392216547869,0.0109392216547847,0.0173950658406813,0.0173950658406795
21219,2021-01-10,355,"Todd","Kentucky",5.36597601502185,0.018868484304384,70.6117084733139,5.49805540515254,0.0188684843043827,70.6117084732947,5.49805540515253,2021-01-17,362,5.43372200355424,0.00413878656120802,0.00413878656120688,0.0118396564189736,0.011839656418972
21221,2021-01-10,355,"Trigg","Kentucky",5.24551918098107,-0.00750191065179214,1054.2244275434,5.19300580641852,0,354,5.24551918098107,2021-01-17,362,5.27153328264122,0.00616656452190639,0.000676733485184784,0.014896515304434,0.00493482640919972
21223,2021-01-10,355,"Trimble","Kentucky",4.42227703729518,0.0207979766944833,142.36984360271,4.56786287415656,0.0207979766944826,142.369843602702,4.56786287415656,2021-01-17,362,4.65123555283134,0.00695100354940785,0.00695100354940873,0.0179248455013264,0.0179248455013276
21225,2021-01-10,355,"Union","Kentucky",5.04618627836057,-0.00641321483471296,1141.84192069272,5.00129377451758,0,354,5.04618627836057,2021-01-17,362,5.0955015147395,0.00887509831771978,0.00243199253910919,0.0184884137409056,0.00967819089765213
21227,2021-01-10,355,"Warren","Kentucky",7.70003648794102,0.0314753799251226,110.363191603762,7.92036414741688,0.0314753799251228,110.363191603764,7.92036414741688,2021-01-17,362,7.7813770736918,0.0193174066626612,0.0193174066626617,0.0178615009154338,0.017861500915434
21229,2021-01-10,355,"Washington","Kentucky",5.04710497387765,0.00552487593197075,-558.523676553823,5.08577910540144,0.00552487593197082,-558.523676553812,5.08577910540145,2021-01-17,362,5.17372548896232,0.00773456638143751,0.00773456638143735,0.0169986567220287,0.0169986567220285
21231,2021-01-10,355,"Wayne","Kentucky",6.32870179715424,0.00716298790470438,-528.528198197541,6.37884271248717,0.00716298790470393,-528.528198197596,6.37884271248717,2021-01-17,362,6.22710116266966,0.0230254979410204,0.0230254979410194,0.0243679275241544,0.0243679275241538
21233,2021-01-10,355,"Webster","Kentucky",5.18977719797283,0.0624176295684321,271.853984461506,5.62670060495185,0.0624176295684293,271.853984461502,5.62670060495183,2021-01-17,362,5.46986682636008,0.0245968341073739,0.0245968341073677,0.0286723212045987,0.0286723212045951
21235,2021-01-10,355,"Whitley","Kentucky",6.66185474054531,-0.020790769669071,675.4236710128,6.51631935286181,0,354,6.66185474054531,2021-01-17,362,6.54699034979188,0.000940710052684079,0.0131938282631571,0.00468474753915597,0.017544609754478
21237,2021-01-10,355,"Wolfe","Kentucky",4.24029847484518,-0.00410678195265279,1387.51122746026,4.21155100117661,0,354,4.24029847484518,2021-01-17,362,4.24645234041956,0.00121810348095141,3.78700615075341e-05,0.00821894052848373,0.00144917806230967
21239,2021-01-10,355,"Woodford","Kentucky",5.70425855178969,0.016315141163233,5.37026068493305,5.81846453993232,0.0163151411632318,5.37026068490753,5.81846453993231,2021-01-17,362,5.82726353142722,7.74222513273858e-05,7.74222513275265e-05,0.00150996972205726,0.00150996972205864
22001,2021-01-10,355,"Acadia","Louisiana",6.55189632856073,0.0168624188749332,-33.5502060621008,6.66993326068527,0.0168624188749309,-33.5502060621528,6.66993326068525,2021-01-17,362,6.56204046099399,0.0116408562252215,0.0116408562252181,0.0164419589200356,0.0164419589200332
22003,2021-01-10,355,"Allen","Louisiana",5.49070711617891,-0.0128807401486246,781.272640611045,5.40054193513854,0,354,5.49070711617891,2021-01-17,362,5.47406977460652,0.00540634317682916,0.000276801134596412,0.0134320245257133,0.0030393002386578
22005,2021-01-10,355,"Ascension","Louisiana",7.33190193803588,0.0229764752284582,35.8952693947274,7.49273726463509,0.0229764752284574,35.8952693947155,7.49273726463508,2021-01-17,362,7.53369370984863,0.00167743040453016,0.00167743040453067,0.00543643620127589,0.00543643620127672
22007,2021-01-10,355,"Assumption","Louisiana",5.63733737524805,0.0262969522904666,140.627729290449,5.82141604128132,0.0262969522904646,140.627729290433,5.8214160412813,2021-01-17,362,5.79822647857268,0.000537755818617825,0.000537755818617166,0.00399942340892242,0.00399942340891997
22009,2021-01-10,355,"Avoyelles","Louisiana",6.19760725674217,0.0485286464937084,227.289715363364,6.53730778219813,0.0485286464937067,227.28971536336,6.53730778219811,2021-01-17,362,6.38326529302209,0.0237290884715498,0.0237290884715459,0.0241322398654542,0.0241322398654523
22011,2021-01-10,355,"Beauregard","Louisiana",6.21432234331238,0.0346015038906243,175.403114183825,6.45653287054675,0.0346015038906238,175.403114183823,6.45653287054674,2021-01-17,362,6.32128203687683,0.0182927880084066,0.0182927880084057,0.021396108080749,0.0213961080807484
22013,2021-01-10,355,"Bienville","Louisiana",5.46504172652832,0.0207704473572098,91.8837737319457,5.61043485802879,0.0207704473572079,91.8837737319217,5.61043485802878,2021-01-17,362,5.54406074977949,0.00440552224589013,0.00440552224588837,0.0119721105602861,0.0119721105602837
22015,2021-01-10,355,"Bossier","Louisiana",7.59940133341582,0.0260903269021703,63.7272473851733,7.78203362173101,0.0260903269021702,63.7272473851715,7.78203362173101,2021-01-17,362,7.71454997156947,0.0045540430391251,0.00455404303912498,0.00874758092309186,0.00874758092309174
22017,2021-01-10,355,"Caddo","Louisiana",8.1531853046005,0.0293733829786663,77.4294760149991,8.35879898545117,0.0293733829786671,77.4294760150069,8.35879898545117,2021-01-17,362,8.26898820950666,0.00806597547575536,0.00806597547575632,0.0108611566093732,0.0108611566093738
22019,2021-01-10,355,"Calcasieu","Louisiana",7.88592027171658,0.0239730992510181,26.0512817243817,8.05373196647371,0.0239730992510188,26.051281724391,8.05373196647372,2021-01-17,362,7.97138168445721,0.00678156894819706,0.00678156894819794,0.0103307413038656,0.0103307413038663
22021,2021-01-10,355,"Caldwell","Louisiana",5.09812274821937,-0.0266912099855869,546.003808031645,4.91128427832027,0,354,5.09812274821937,2021-01-17,362,4.99043258677874,0.00626445473183716,0.0115971708711106,0.0158600095446955,0.0215793239499805
22023,2021-01-10,355,"Cameron","Louisiana",4.20255814686233,0.0259754864032621,193.210608201178,4.38438655168517,0.0259754864032624,193.21060820118,4.38438655168517,2021-01-17,362,4.26869794936688,0.0133838527063596,0.0133838527063603,0.0271016135811271,0.0271016135811277
22025,2021-01-10,355,"Catahoula","Louisiana",5.18738580584075,0.0349203163052812,206.450778380944,5.43182801997772,0.0349203163052803,206.45077838094,5.43182801997772,2021-01-17,362,5.23568179555655,0.0384733413546801,0.0384733413546776,0.0374633585615605,0.0374633585615594
22027,2021-01-10,355,"Claiborne","Louisiana",5.68697535633982,0.024511031014349,122.983021480794,5.85855257344026,0.0245110310143497,122.9830214808,5.85855257344027,2021-01-17,362,5.6937321388027,0.0271657756741155,0.0271657756741169,0.0289476973309501,0.0289476973309509
22029,2021-01-10,355,"Concordia","Louisiana",5.55129707414801,-0.0154103214711945,715.232399079064,5.44342482384964,0,354,5.55129707414801,2021-01-17,362,5.54796373772825,0.0109283845149178,1.1111131687293e-05,0.0188427536336797,0.000600821594613398
22031,2021-01-10,355,"De Soto","Louisiana",5.84271591656972,0.0196700210867002,57.9634136731939,5.98040606417662,0.0196700210867,57.9634136731912,5.98040606417662,2021-01-17,362,5.90536184805457,0.00563163437337284,0.0056316343733727,0.0127078099620214,0.0127078099620213
22033,2021-01-10,355,"East Baton Rouge","Louisiana",8.33076033766826,0.00926925323751181,-543.752048757762,8.39564511033084,0.00926925323751249,-543.752048757696,8.39564511033084,2021-01-17,362,8.52067284468049,0.0156319343566064,0.015631934356605,0.0146734579098063,0.0146734579098057
22035,2021-01-10,355,"East Carroll","Louisiana",4.49663001741289,0.0573457674704756,276.587412362595,4.89805038970621,0.0573457674704727,276.587412362592,4.89805038970619,2021-01-17,362,4.68477323658706,0.0454871440426127,0.0454871440426044,0.0455256086790946,0.0455256086790905
22037,2021-01-10,355,"East Feliciana","Louisiana",5.35591219308262,0.0190611625323392,74.014399882706,5.48934033080899,0.0190611625323394,74.0143998827078,5.48934033080899,2021-01-17,362,5.55129707414801,0.00383863804517621,0.0038386380451761,0.0111607688278007,0.0111607688278005
22039,2021-01-10,355,"Evangeline","Louisiana",5.99645208861902,-0.00390140590620671,1891.99774716579,5.96914224727557,0,354,5.99645208861902,2021-01-17,362,5.98824508448101,0.000364918389297383,6.73549169213353e-05,0.00319005600738391,0.00137051907900036
22041,2021-01-10,355,"Franklin","Louisiana",5.54573532454982,0.015739504237736,2.65501881223728,5.65591185421397,0.0157395042377351,2.65501881221547,5.65591185421396,2021-01-17,362,5.5957729508268,0.00361668770061187,0.00361668770061102,0.0107472022034576,0.0107472022034563
22043,2021-01-10,355,"Grant","Louisiana",5.96724503687275,0.0192100476921078,44.3685464755862,6.10171537071751,0.0192100476921082,44.368546475593,6.10171537071751,2021-01-17,362,5.95620739722113,0.0211725703510216,0.0211725703510224,0.0244296351339715,0.024429635133972
22045,2021-01-10,355,"Iberia","Louisiana",6.79266504305547,0.0248288616538717,81.4206012442682,6.96646707463257,0.0248288616538703,81.4206012442527,6.96646707463256,2021-01-17,362,6.87257211821892,0.00881626283992177,0.00881626283991994,0.0136622729887026,0.0136622729887012
22047,2021-01-10,355,"Iberville","Louisiana",6.00353427119531,-0.00352237067250408,2059.40161737077,5.97887767648778,0,354,6.00353427119531,2021-01-17,362,6.0926018719215,0.0129331926270464,0.00793303749911979,0.0186659489368293,0.0146189760300386
22049,2021-01-10,355,"Jackson","Louisiana",5.11713801433286,0.0207619914484341,108.533372410728,5.2624719544719,0.0207619914484329,108.533372410714,5.26247195447189,2021-01-17,362,5.18658740260473,0.00575846521208081,0.0057584652120796,0.0146309212545146,0.0146309212545131
22051,2021-01-10,355,"Jefferson","Louisiana",8.78468713370373,0.0219740477149203,-44.7755555859181,8.93850546770817,0.0219740477149202,-44.7755555859199,8.93850546770817,2021-01-17,362,8.92437111752808,0.000199779855013451,0.000199779855013451,0.00158379229123839,0.00158379229123839
22053,2021-01-10,355,"Jefferson Davis","Louisiana",5.86159989316088,0.024286025880154,113.643101094986,6.03160207432196,0.024286025880154,113.643101094987,6.03160207432196,2021-01-17,362,5.91195741027649,0.0143148456345528,0.014314845634553,0.0202377411984556,0.0202377411984558
22055,2021-01-10,355,"Lafayette","Louisiana",8.06983408582648,0.00956472412212258,-488.707981828926,8.13678715468134,0.0095647241221215,-488.70798182902,8.13678715468133,2021-01-17,362,8.09842571206819,0.00147160027936171,0.00147160027936117,0.00473690121723045,0.00473690121722958
22057,2021-01-10,355,"Lafourche","Louisiana",7.02414051277169,0.0240665369990997,63.1366333247502,7.19260627176539,0.0240665369990989,63.1366333247409,7.19260627176538,2021-01-17,362,7.21880504489459,0.000686375713475603,0.000686375713475882,0.00362923959938975,0.00362923959939048
22059,2021-01-10,355,"LaSalle","Louisiana",4.98848706087325,0.0127390257774309,-36.5909385873991,5.07766024131526,0.0127390257774307,-36.5909385874062,5.07766024131526,2021-01-17,362,4.99431232006433,0.0069468759768522,0.0069468759768519,0.0166885680969712,0.0166885680969709
22061,2021-01-10,355,"Lincoln","Louisiana",6.17972083942175,0.0119049025063203,-164.090419777983,6.26305515696599,0.0119049025063189,-164.090419778042,6.26305515696598,2021-01-17,362,6.22030611953683,0.00182748020112002,0.00182748020111918,0.00687249736711456,0.00687249736711299
22063,2021-01-10,355,"Livingston","Louisiana",7.47176954269011,-0.00040628936486772,18745.2661225769,7.46892551713604,0,354,7.47176954269011,2021-01-17,362,7.56127023315741,0.00852754657706812,0.00801037359412335,0.0122128575191542,0.0118367268603659
22065,2021-01-10,355,"Madison","Louisiana",5.29688777373844,0.00789950247892639,-315.534351735318,5.35218429109093,0.00789950247892612,-315.534351735341,5.35218429109093,2021-01-17,362,5.39232800101028,0.00161151744608881,0.00161151744608896,0.00744459719657773,0.00744459719657805
22067,2021-01-10,355,"Morehouse","Louisiana",6.1249959397325,-0.0151964468812822,758.054476324779,6.01862081156353,0,354,6.1249959397325,2021-01-17,362,6.05845541592426,0.00158679570457598,0.00442764130867545,0.00657504291539861,0.0109830838456525
22069,2021-01-10,355,"Natchitoches","Louisiana",6.36867714226426,0.0499664619083603,227.540962497113,6.71844237562278,0.0499664619083591,227.54096249711,6.71844237562278,2021-01-17,362,6.55556008189569,0.0265306416098002,0.0265306416097973,0.0248464344300534,0.024846434430052
22071,2021-01-10,355,"Orleans","Louisiana",8.30244288946005,0.0264844847781865,41.5167301159578,8.48783428290736,0.0264844847781855,41.5167301159464,8.48783428290735,2021-01-17,362,8.43350097523754,0.00295210832234275,0.00295210832234197,0.00644255663565443,0.00644255663565358
22073,2021-01-10,355,"Ouachita","Louisiana",7.9518610964847,0.00382910584742302,-1721.68876582148,7.97866483741667,0.00382910584742113,-1721.6887658225,7.97866483741665,2021-01-17,362,7.95060313974348,0.000787458876301492,0.000787458876300744,0.00352950552052016,0.00352950552051849
22075,2021-01-10,355,"Plaquemines","Louisiana",5.75754889881186,0.0022588670097292,-2193.86581370813,5.77336096787997,0.00225886700972833,-2193.86581370911,5.77336096787996,2021-01-17,362,5.86889328043405,0.00912642274193041,0.0091264227419316,0.0162777389175859,0.016277738917587
22077,2021-01-10,355,"Pointe Coupee","Louisiana",5.70711026474888,0.00332779009267648,-1359.98505188431,5.73040479539761,0.00332779009267448,-1359.98505188535,5.7304047953976,2021-01-17,362,5.75302605075813,0.000511721194085988,0.000511721194086631,0.00393206204194781,0.00393206204195028
22079,2021-01-10,355,"Rapides","Louisiana",7.40166724122596,0.0442932726623477,187.894098892858,7.71172014986239,0.0442932726623466,187.894098892854,7.71172014986238,2021-01-17,362,7.59811285793333,0.0129066167794542,0.0129066167794524,0.0149520405991915,0.0149520405991904
22081,2021-01-10,355,"Red River","Louisiana",4.34935585238433,0.0337743171186057,226.222981737554,4.58577607221457,0.0337743171186036,226.222981737546,4.58577607221456,2021-01-17,362,4.49184150068109,0.00882370372917932,0.00882370372917648,0.0209122631596065,0.0209122631596031
22083,2021-01-10,355,"Richland","Louisiana",5.5957729508268,0.0219906957655741,100.539067500226,5.74970782118582,0.0219906957655729,100.539067500213,5.74970782118581,2021-01-17,362,5.75257263882563,8.2071801094114e-06,8.2071801094572e-06,0.000498006339021678,0.000498006339023068
22085,2021-01-10,355,"Sabine","Louisiana",5.88531006554898,0.0269688310761818,136.773631607387,6.07409188308225,0.0269688310761813,136.773631607384,6.07409188308225,2021-01-17,362,5.95768614055899,0.0135502968923923,0.0135502968923917,0.0195387504102963,0.0195387504102959
22087,2021-01-10,355,"St. Bernard","Louisiana",6.24969941823346,0.0587987036132409,248.710251516054,6.66129034352615,0.0587987036132391,248.710251516051,6.66129034352614,2021-01-17,362,6.49028988315139,0.0292411574483783,0.0292411574483741,0.0263471221553089,0.026347122155307
22089,2021-01-10,355,"St. Charles","Louisiana",6.68389718673006,0.00825412904489182,-454.764076909662,6.7416760900443,0.0082541290448912,-454.764076909723,6.7416760900443,2021-01-17,362,6.80667132009157,0.00422437992889753,0.0042243799288981,0.00954875400776593,0.00954875400776658
22091,2021-01-10,355,"St. Helena","Louisiana",4.74988876800318,-0.00738919618236229,997.815355118189,4.69816439472665,0,354,4.74988876800318,2021-01-17,362,4.81450454202811,0.0135350298741269,0.00417519825284085,0.0241645108620996,0.0134210640909918
22093,2021-01-10,355,"St. James","Louisiana",5.5904537893492,0.0413777044539793,219.892123351914,5.88009772052705,0.0413777044539785,219.892123351911,5.88009772052705,2021-01-17,362,5.76294945199186,0.0137237168207936,0.0137237168207923,0.0203278320434864,0.0203278320434855
22095,2021-01-10,355,"St. John the Baptist","Louisiana",6.26963726289176,0.0158084513162844,-41.6003460714312,6.38029642210575,0.0158084513162837,-41.6003460714477,6.38029642210574,2021-01-17,362,6.27610628814688,0.0108555840143659,0.010855584014365,0.0166010786266699,0.0166010786266692
22097,2021-01-10,355,"St. Landry","Louisiana",6.92937697905307,0.00969312920565659,-359.875127735769,6.99722888349266,0.00969312920565635,-359.875127735787,6.99722888349266,2021-01-17,362,6.97714807049041,0.000403239050831389,0.000403239050831317,0.00287808325111838,0.00287808325111813
22099,2021-01-10,355,"St. Martin","Louisiana",6.56707419758687,0.00442834862160775,-1127.96233172415,6.59807263793812,0.00442834862160879,-1127.9623317238,6.59807263793813,2021-01-17,362,6.57905277962529,0.000361755010240459,0.00036175501024073,0.00289097214294152,0.0028909721429426
22101,2021-01-10,355,"St. Mary","Louisiana",6.37112332743709,0.0207363638498958,47.7560022791018,6.51627787438636,0.0207363638498954,47.7560022790966,6.51627787438636,2021-01-17,362,6.44934137155568,0.00448049541120155,0.0044804954112012,0.0103788121878457,0.0103788121878453
22103,2021-01-10,355,"St. Tammany","Louisiana",8.2335790242832,0.00956872138977952,-505.468048853172,8.30056007401166,0.00956872138977971,-505.468048853155,8.30056007401166,2021-01-17,362,8.41148340842247,0.0123039861168127,0.0123039861168123,0.0131871310950627,0.0131871310950624
22105,2021-01-10,355,"Tangipahoa","Louisiana",7.23716179576668,0.00473836898089196,-1172.35294042136,7.27033037863292,0.00473836898089353,-1172.35294042085,7.27033037863293,2021-01-17,362,7.31977031795403,0.00244430760007506,0.00244430760007401,0.00675430200314391,0.00675430200314245
22107,2021-01-10,355,"Tensas","Louisiana",3.61477148196021,-0.0114724011622388,670.084125009347,3.53446467382454,0,354,3.61477148196021,2021-01-17,362,3.78093759853188,0.0607489026137915,0.0276111782965103,0.0651883080014457,0.0439483890546601
22109,2021-01-10,355,"Terrebonne","Louisiana",7.35919479936529,0.0310388855638776,117.904026170006,7.57646699831244,0.0310388855638779,117.904026170009,7.57646699831244,2021-01-17,362,7.48645314656638,0.00810249350616123,0.00810249350616171,0.0120235644281487,0.0120235644281491
22111,2021-01-10,355,"Union","Louisiana",5.87332430480376,0.0301940522015929,160.480752779056,6.08468267021491,0.0301940522015922,160.480752779051,6.0846826702149,2021-01-17,362,5.95398517408442,0.0170818354947797,0.0170818354947783,0.0219512632815027,0.0219512632815019
22113,2021-01-10,355,"Vermilion","Louisiana",6.59147774964644,0.0254082743384079,95.5775118036031,6.7693356700153,0.0254082743384068,95.5775118035912,6.76933567001529,2021-01-17,362,6.73033597221552,0.00152097642847376,0.00152097642847314,0.00579461381434377,0.00579461381434258
22115,2021-01-10,355,"Vernon","Louisiana",6.29315518271395,0.0122244413606915,-159.801044647324,6.3787262722388,0.0122244413606909,-159.801044647351,6.37872627223879,2021-01-17,362,6.29789827460997,0.00653316520068593,0.00653316520068521,0.0128341224491808,0.0128341224491801
22117,2021-01-10,355,"Washington","Louisiana",6.3916777930612,-0.0199058705420532,676.095115109793,6.25233669926683,0,354,6.3916777930612,2021-01-17,362,6.35759464981747,0.0110792361541219,0.00116166065337247,0.0165562537953983,0.00536101232007712
22119,2021-01-10,355,"Webster","Louisiana",6.50706447003427,0.0378141532385012,182.919868283366,6.77176354270378,0.037814153238501,182.919868283365,6.77176354270378,2021-01-17,362,6.63425784152231,0.0189078178574075,0.018907817857407,0.0207266139583621,0.0207266139583618
22121,2021-01-10,355,"West Baton Rouge","Louisiana",5.77010511758728,0.00805373480709879,-361.450846196393,5.82648126123697,0.00805373480709815,-361.450846196451,5.82648126123696,2021-01-17,362,5.93941909021788,0.0127549532149217,0.0127549532149227,0.0190149621142106,0.0190149621142113
22123,2021-01-10,355,"West Carroll","Louisiana",5.22651442806953,0.0232929785674378,130.618458887182,5.3895652780416,0.0232929785674365,130.61845888717,5.38956527804159,2021-01-17,362,5.35523765680072,0.00117838558005697,0.00117838558005636,0.00641010230372907,0.00641010230372741
22125,2021-01-10,355,"West Feliciana","Louisiana",4.54329478227,0.00916036939866421,-140.97287888112,4.60741736806065,0.00916036939866505,-140.972878881075,4.60741736806066,2021-01-17,362,4.62216776235667,0.000217574131887826,0.000217574131887643,0.00319122867329494,0.0031912286732936
22127,2021-01-10,355,"Winn","Louisiana",4.67416305747504,-0.0340793136528677,492.155434087849,4.43560786190497,0,354,4.67416305747504,2021-01-17,362,4.76095218754743,0.105848930227752,0.0075323530987228,0.0683359783560577,0.0182293639283746
23001,2021-01-10,355,"Androscoggin","Maine",6.83917048748453,0.0307620962889749,132.675408618506,7.05450516150735,0.0307620962889734,132.675408618495,7.05450516150734,2021-01-17,362,7.01635340506145,0.00145555651990718,0.00145555651990637,0.00543754771793236,0.00543754771793084
23003,2021-01-10,355,"Aroostook","Maine",6.13772705408623,0.00123494921530519,-4615.02385038919,6.14637169859337,0.00123494921530387,-4615.02385039452,6.14637169859336,2021-01-17,362,6.23020019318203,0.00702721650500075,0.00702721650500223,0.013455184743565,0.0134551847435664
23005,2021-01-10,355,"Cumberland","Maine",7.96831950001272,0.0037168315951508,-1788.84733233776,7.99433732117877,0.00371683159514991,-1788.84733233827,7.99433732117877,2021-01-17,362,8.0623427420559,0.00462473726867485,0.0046247372686757,0.00843494540642454,0.00843494540642531
23007,2021-01-10,355,"Franklin","Maine",4.94571574799694,-0.00203045755037993,2790.7641690522,4.93150254514428,0,354,4.94571574799694,2021-01-17,362,4.8317364445798,0.00995327482184266,0.0129912816074573,0.0206480841223036,0.0235897186703974
23009,2021-01-10,355,"Hancock","Maine",5.15411701757395,-0.0204172057632306,607.439882192694,5.01119657723133,0,354,5.15411701757395,2021-01-17,362,5.15246548953547,0.0199569055835958,2.72754486185446e-06,0.0274177309078648,0.000320531606048558
23011,2021-01-10,355,"Kennebec","Maine",6.63444561731856,0.0158973824905267,-62.329432771215,6.74572729475225,0.0158973824905262,-62.3294327712291,6.74572729475225,2021-01-17,362,6.7888108548895,0.00185619315409978,0.00185619315410009,0.00634626020052053,0.00634626020052106
23013,2021-01-10,355,"Knox","Maine",4.76339419120298,-0.0240975515790636,552.67129351604,4.59471133014954,0,354,4.76339419120298,2021-01-17,362,4.96184512992683,0.134787226938908,0.0393827750803737,0.0739913863016318,0.0399953915383022
23015,2021-01-10,355,"Lincoln","Maine",4.856484614269,-0.00221975673831053,2542.8454203794,4.84094631710083,0,354,4.856484614269,2021-01-17,362,4.80402104473326,0.00136347573941926,0.00275242612843187,0.00768632610551369,0.0109207618050011
23017,2021-01-10,355,"Oxford","Maine",6.24555290227161,-0.0197483104660948,671.257581274834,6.10731472900895,0,354,6.24555290227161,2021-01-17,362,6.22455842927536,0.0137460852521597,0.000440767896390425,0.0188356654690538,0.00337284535679068
23019,2021-01-10,355,"Penobscot","Maine",6.92433141824396,0.00903323009109512,-411.53991411886,6.98756402888163,0.00903323009109425,-411.539914118935,6.98756402888162,2021-01-17,362,6.91359533546382,0.00547136760593798,0.00547136760593706,0.0106990198049895,0.0106990198049886
23021,2021-01-10,355,"Piscataquis","Maine",3.99426110366512,0.00527705710084305,-401.910722650131,4.03120050337102,0.00527705710084403,-401.910722649991,4.03120050337103,2021-01-17,362,3.9863350383927,0.00201290994772098,0.00201290994772162,0.0112548153996638,0.0112548153996655
23023,2021-01-10,355,"Sagadahoc","Maine",5.41228360367772,0.0108940519898674,-141.810884390099,5.48854196760679,0.010894051989867,-141.810884390114,5.48854196760679,2021-01-17,362,5.52942908751142,0.0016717565740958,0.00167175657409602,0.00739445596598368,0.00739445596598417
23025,2021-01-10,355,"Somerset","Maine",5.40267738187228,0.0071036785644336,-405.546431383056,5.45240313182331,0.00710367856443384,-405.54643138303,5.45240313182332,2021-01-17,362,5.49599657899631,0.00190038863642494,0.00190038863642479,0.00793185485951646,0.00793185485951614
23027,2021-01-10,355,"Waldo","Maine",4.46261864200418,-0.0576159331781269,432.454592780914,4.0593071097573,0,354,4.46261864200418,2021-01-17,362,4.17877324183889,0.0142721567145372,0.0805682111949955,0.028588804696429,0.0679255331022426
23029,2021-01-10,355,"Washington","Maine",5.13579843705026,-0.0330608622608895,510.343753484791,4.90437240122404,0,354,5.13579843705026,2021-01-17,362,5.01917019654609,0.0131785338108046,0.0136021464830987,0.022871867425626,0.0232365582231955
23031,2021-01-10,355,"York","Maine",7.81906218362407,0.020656377038509,-23.5301831510548,7.96365682289363,0.0206563770385078,-23.5301831510783,7.96365682289362,2021-01-17,362,7.96266444252937,9.84818787367429e-07,9.84818787349801e-07,0.000124629183035631,0.000124629183034516
24001,2021-01-10,355,"Allegany","Maryland",6.71711349057246,-0.0291307541761219,585.584949842403,6.51319821133961,0,354,6.71711349057246,2021-01-17,362,6.49483387019752,0.000337249025583115,0.0494082296340295,0.00282753054336908,0.0342240655907931
24003,2021-01-10,355,"Anne Arundel","Maryland",8.66546540236226,0.0203314166347466,-71.2106058833551,8.80778531880548,0.0203314166347432,-71.2106058834246,8.80778531880546,2021-01-17,362,8.79722464379464,0.000111527856684731,0.000111527856684243,0.00120045530703781,0.00120045530703519
24005,2021-01-10,355,"Baltimore","Maryland",8.72281266043501,0.00871429580367735,-645.977343086525,8.78381273106076,0.00871429580367789,-645.977343086464,8.78381273106076,2021-01-17,362,8.78717670717626,1.13163353056888e-05,1.13163353056649e-05,0.000382827866970949,0.000382827866970545
24009,2021-01-10,355,"Calvert","Maryland",6.36228891415113,0.054711034860543,238.711047865052,6.74526615817494,0.0547110348605431,238.711047865053,6.74526615817494,2021-01-17,362,6.69897240350181,0.00214311172173509,0.00214311172173518,0.00691057551586886,0.00691057551586899
24011,2021-01-10,355,"Caroline","Maryland",5.52545293913178,0.0436242476542064,228.339868622376,5.83082267271123,0.043624247654205,228.339868622372,5.83082267271122,2021-01-17,362,5.85915689520318,0.00080282816422314,0.000802828164223693,0.00483588731258308,0.00483588731258475
24013,2021-01-10,355,"Carroll","Maryland",7.17395831975679,0.00625928579569796,-791.130493783731,7.21777332032668,0.00625928579569912,-791.130493783518,7.21777332032669,2021-01-17,362,7.22963171737818,0.000140621580630946,0.000140621580630756,0.00164024911849827,0.00164024911849717
24015,2021-01-10,355,"Cecil","Maryland",6.82685506089447,-0.00216617754515919,3506.56764326665,6.81169181807836,0,354,6.82685506089447,2021-01-17,362,6.84876325232811,0.00137429123733367,0.000479968851892914,0.00541286548883845,0.00319885366546878
24017,2021-01-10,355,"Charles","Maryland",7.08266850938543,0.0109738816073863,-290.411419840564,7.15948568063714,0.010973881607387,-290.411419840522,7.15948568063714,2021-01-17,362,7.1819178013464,0.000503200039515197,0.000503200039514958,0.00312341652045408,0.00312341652045334
24019,2021-01-10,355,"Dorchester","Maryland",5.79083353339818,0.0565680420169063,252.630652804502,6.18680982751653,0.0565680420169059,252.630652804502,6.18680982751652,2021-01-17,362,6.08091342716232,0.0112140476079793,0.0112140476079787,0.0174145548399342,0.0174145548399338
24021,2021-01-10,355,"Frederick","Maryland",8.11663033333542,-0.000682128266559567,12253.979607271,8.1118554354695,0,354,8.11663033333542,2021-01-17,362,8.20627173563903,0.00891443773770262,0.00803558100695819,0.0115053831034486,0.0109235235185193
24023,2021-01-10,355,"Garrett","Maryland",5.85548117123617,-0.0109868856971265,887.951860304472,5.77857297135629,0,354,5.85548117123617,2021-01-17,362,5.77099598624308,5.74107034058182e-05,0.00713774648331771,0.00131294236406902,0.0146396194338884
24025,2021-01-10,355,"Harford","Maryland",7.49768250838337,0.0121107368189592,-264.093835533265,7.58245766611608,0.0121107368189577,-264.093835533341,7.58245766611607,2021-01-17,362,7.58716568343004,2.21654270285469e-05,2.21654270286473e-05,0.000620523857050075,0.00062052385705148
24027,2021-01-10,355,"Howard","Maryland",7.70898783083513,0.0304631731080415,101.940746996571,7.92223004259142,0.0304631731080409,101.940746996566,7.92223004259141,2021-01-17,362,7.86183713119998,0.00364730374633452,0.00364730374633399,0.00768178103712811,0.00768178103712755
24029,2021-01-10,355,"Kent","Maryland",5.40973095391894,0.00898593979771492,-247.021722346127,5.47263253250295,0.00898593979771523,-247.021722346106,5.47263253250295,2021-01-17,362,5.45654137176293,0.000258925453961098,0.000258925453961155,0.00294896705508149,0.00294896705508182
24031,2021-01-10,355,"Montgomery","Maryland",9.10258015393753,0.0130846430821395,-340.668968331474,9.19417265551251,0.0130846430821361,-340.668968331655,9.19417265551249,2021-01-17,362,9.19551675737002,1.80660980337256e-06,1.80660980343464e-06,0.000146169257582693,0.000146169257585204
24033,2021-01-10,355,"Prince George's","Maryland",9.11792741972342,0.0065237956072574,-1042.64149103325,9.16359398897422,0.00652379560725969,-1042.64149103276,9.16359398897424,2021-01-17,362,9.20334452946373,0.00158010546920794,0.00158010546920667,0.00431914076043216,0.00431914076043042
24035,2021-01-10,355,"Queen Anne's","Maryland",6.14019238661379,0.0414762559017662,206.958855660539,6.43052617792615,0.0414762559017641,206.958855660531,6.43052617792614,2021-01-17,362,6.36253537133045,0.00462274978153431,0.00462274978153225,0.010686118446126,0.0106861184461236
24037,2021-01-10,355,"St. Mary's","Maryland",6.65580799743061,0.0268222449414007,106.854924449026,6.84356371202042,0.0268222449413971,106.854924448992,6.84356371202039,2021-01-17,362,6.84237831120831,1.40517508535143e-06,1.40517508529036e-06,0.00017324397427257,0.000173243974268805
24039,2021-01-10,355,"Somerset","Maryland",6.03034179469031,-0.0150019860945753,756.969563008119,5.92532789202828,0,354,6.03034179469031,2021-01-17,362,6.0217165902785,0.00929078115037188,7.43941511454689e-05,0.0160068473507754,0.0014323497764296
24041,2021-01-10,355,"Talbot","Maryland",5.78645907322908,0.0370660873208241,198.888052624907,6.04592168447484,0.0370660873208219,198.888052624898,6.04592168447483,2021-01-17,362,5.97089734188229,0.00562865198144482,0.00562865198144256,0.0125650029295098,0.0125650029295073
24043,2021-01-10,355,"Washington","Maryland",8.01509130968142,0.00663069588603479,-853.785842005266,8.06150618088366,0.00663069588603626,-853.785842004998,8.06150618088367,2021-01-17,362,8.02971200124001,0.00101086985921273,0.00101086985921341,0.00395956662439958,0.00395956662440091
24045,2021-01-10,355,"Wicomico","Maryland",6.95477516965868,0.0255380018606438,82.6695644549791,7.13354118268319,0.0255380018606433,82.6695644549731,7.13354118268319,2021-01-17,362,7.07399584601636,0.00354564711876596,0.00354564711876554,0.00841749669677299,0.00841749669677249
24047,2021-01-10,355,"Worcester","Maryland",6.47872906075032,0.0309705046748911,145.809703336773,6.69552259347455,0.0309705046748903,145.809703336768,6.69552259347455,2021-01-17,362,6.61127269057708,0.00709804613823333,0.00709804613823244,0.0127433713356811,0.0127433713356803
24510,2021-01-10,355,"Baltimore city","Maryland",8.44453032843525,0.0137357147954507,-259.786376551156,8.5406803320034,0.01373571479545,-259.786376551188,8.5406803320034,2021-01-17,362,8.50123801034038,0.00155569673816949,0.00155569673816906,0.00463959738746865,0.00463959738746802
25001,2021-01-10,355,"Barnstable","Massachusetts",7.53032670330073,0.0135825517658714,-199.411780135601,7.62540456566183,0.0135825517658708,-199.411780135629,7.62540456566183,2021-01-17,362,7.70268515385202,0.00597228931102213,0.00597228931102282,0.0100329413245646,0.0100329413245652
25003,2021-01-10,355,"Berkshire","Massachusetts",6.91117798625964,0.0506640714570836,218.588184141222,7.26582648645922,0.0506640714570823,218.588184141219,7.26582648645921,2021-01-17,362,7.13044158291755,0.0183290721069876,0.0183290721069852,0.0189868890961835,0.0189868890961823
25005,2021-01-10,355,"Bristol","Massachusetts",9.3078170344301,0.0187843166581756,-140.510015286023,9.43930725103733,0.0187843166581736,-140.510015286076,9.43930725103731,2021-01-17,362,9.42915456512916,0.000103077031149791,0.000103077031149502,0.00107673342695098,0.00107673342694947
25007,2021-01-10,355,"Dukes","Massachusetts",5.06620514525107,0.037636383281336,220.390754808169,5.32965982822042,0.0376363832813356,220.390754808168,5.32965982822042,2021-01-17,362,5.27006485359615,0.00355156100046737,0.00355156100046705,0.0113082051701136,0.0113082051701131
25009,2021-01-10,355,"Essex","Massachusetts",9.6469164751094,0.0134769171467048,-360.810327398811,9.74125489513633,0.013476917146706,-360.810327398749,9.74125489513634,2021-01-17,362,9.70322312374284,0.00144641563532652,0.0014464156353272,0.00391949880039632,0.00391949880039723
25011,2021-01-10,355,"Franklin","Massachusetts",5.85466250561534,-0.0154411844883749,734.158898724583,5.74657421419671,0,354,5.85466250561534,2021-01-17,362,5.91466063648335,0.0282530453571218,0.00359977570765517,0.028418608034725,0.0101439684464611
25013,2021-01-10,355,"Hampden","Massachusetts",8.90430034247517,0.0201255041315639,-87.4386233639778,9.04517887139612,0.0201255041315651,-87.4386233639509,9.04517887139613,2021-01-17,362,8.997429996942,0.00227995501163516,0.002279955011636,0.00530694592459702,0.00530694592459801
25015,2021-01-10,355,"Hampshire","Massachusetts",7.12803759801531,0.0316710601416987,129.935301624766,7.3497350190072,0.0316710601416981,129.935301624762,7.3497350190072,2021-01-17,362,7.27477651497501,0.00561877732674409,0.00561877732674342,0.0103038909687316,0.010303890968731
25017,2021-01-10,355,"Middlesex","Massachusetts",9.92729475584576,0.00955919004442746,-683.507939449628,9.99420908615675,0.00955919004442762,-683.50793944961,9.99420908615675,2021-01-17,362,9.98848499816479,3.27651833396321e-05,3.27651833396524e-05,0.000573068687894681,0.000573068687894859
25019,2021-01-10,355,"Nantucket","Massachusetts",5.52772695944089,0.0352535784518997,198.200968463869,5.77450200860419,0.0352535784518997,198.200968463869,5.77450200860419,2021-01-17,362,5.63427926888923,0.0196624167331707,0.0196624167331707,0.0248874315636486,0.0248874315636486
25021,2021-01-10,355,"Norfolk","Massachusetts",9.05241591372935,0.01293165015213,-345.020168132857,9.14293746479426,0.0129316501521295,-345.020168132886,9.14293746479426,2021-01-17,362,9.16392239195181,0.000440367167807501,0.00044036716780765,0.00228995033567457,0.00228995033567496
25023,2021-01-10,355,"Plymouth","Massachusetts",8.94072272234021,0.0184835582598455,-128.712205012139,9.07010763015913,0.018483558259847,-128.712205012099,9.07010763015914,2021-01-17,362,9.07839140013261,6.86208449735456e-05,6.86208449733691e-05,0.000912471120529129,0.000912471120527955
25025,2021-01-10,355,"Suffolk","Massachusetts",9.42030025655028,0.0123275665430431,-409.165435543032,9.50659322235158,0.0123275665430427,-409.165435543061,9.50659322235157,2021-01-17,362,9.50958745401239,8.9654232386331e-06,8.96542323865438e-06,0.000314864517025149,0.000314864517025522
25027,2021-01-10,355,"Worcester","Massachusetts",9.47015193051103,0.0141575647733818,-313.911079136734,9.5692548839247,0.0141575647733809,-313.911079136775,9.5692548839247,2021-01-17,362,9.5327550792298,0.00133223574276611,0.00133223574276572,0.00382888308695042,0.00382888308694986
26001,2021-01-10,355,"Alcona","Michigan",4.01509519056796,0.00516797015844295,-421.919190217936,4.05127098167706,0.00516797015844261,-421.919190217987,4.05127098167706,2021-01-17,362,4.05550472890584,1.79246155971676e-05,1.79246155971901e-05,0.0010439507562646,0.00104395075626525
26003,2021-01-10,355,"Alger","Michigan",4.16777203077692,0.0178576174000083,121.610968450081,4.29277535257698,0.0178576174000069,121.610968450063,4.29277535257697,2021-01-17,362,4.36763789722178,0.00560440059069559,0.00560440059069705,0.0171402818654966,0.0171402818654988
26005,2021-01-10,355,"Allegan","Michigan",6.8060389090033,-0.0117916624508512,932.190785215529,6.72349727184734,0,354,6.8060389090033,2021-01-17,362,6.80651325481028,0.00689165342730329,2.25003944601217e-07,0.0121965505472677,6.96899850516817e-05
26007,2021-01-10,355,"Alpena","Michigan",5.46443694876571,0.00972652044988929,-206.807994638813,5.53252259191494,0.0097265204498882,-206.807994638876,5.53252259191493,2021-01-17,362,5.46866273229528,0.00407808167064277,0.00407808167064175,0.0116774178159745,0.011677417815973
26009,2021-01-10,355,"Antrim","Michigan",5.04526673806589,0.0260965415198037,161.669142949949,5.22794252870452,0.0260965415198031,161.669142949944,5.22794252870452,2021-01-17,362,5.22343986761529,2.02739568844822e-05,2.02739568844422e-05,0.000862010706229773,0.000862010706228923
26011,2021-01-10,355,"Arenac","Michigan",4.26066577766961,0.00404040953700423,-699.513345404262,4.28894864442864,0.00404040953700502,-699.513345404056,4.28894864442865,2021-01-17,362,4.4188406077966,0.0168719221475819,0.0168719221475805,0.0293950325202436,0.0293950325202424
26015,2021-01-10,355,"Barry","Michigan",6.02690063506609,0.0223083493125533,84.8365490594751,6.18305908025396,0.0223083493125529,84.8365490594698,6.18305908025396,2021-01-17,362,6.1309158822435,0.00271891309875884,0.00271891309875856,0.00850496059838074,0.00850496059838031
26017,2021-01-10,355,"Bay","Michigan",6.8388644431057,-0.0171463118805686,753.853379708787,6.71884025994172,0,354,6.8388644431057,2021-01-17,362,6.73866015176906,0.000392828112047213,0.0100409000022794,0.00294122145663194,0.0148700615671114
26019,2021-01-10,355,"Benzie","Michigan",4.89249505179203,0.0227652107730134,140.088963130017,5.05185152720312,0.022765210773013,140.088963130012,5.05185152720312,2021-01-17,362,4.97278506996516,0.00625150466016335,0.00625150466016279,0.0158998340216867,0.015899834021686
26021,2021-01-10,355,"Berrien","Michigan",7.06561336359772,-0.0110404518462372,994.97501750853,6.98833020067406,0,354,7.06561336359772,2021-01-17,362,7.07266420729891,0.00711222467340087,4.97143968986643e-05,0.0119239375931098,0.000996914810958706
26023,2021-01-10,355,"Branch","Michigan",6.09807428216624,-0.00926672232754655,1013.06161732492,6.03320722587341,0,354,6.09807428216624,2021-01-17,362,6.11210065174677,0.00622417264603486,0.000196739043609644,0.0129077432405846,0.00229485251957072
26025,2021-01-10,355,"Calhoun","Michigan",6.68817679383242,-0.0304912354415614,574.347517310369,6.47473814574149,0,354,6.68817679383242,2021-01-17,362,6.65929391968364,0.034060833695384,0.000834220419094591,0.0277140153547859,0.00433722771470009
26027,2021-01-10,355,"Cass","Michigan",6.17972083942175,-0.0105945664313946,938.291527731566,6.10555887440199,0,354,6.17972083942175,2021-01-17,362,6.21546487414217,0.0120793287788894,0.00127763601809469,0.0176826676629482,0.00575082241541179
26029,2021-01-10,355,"Charlevoix","Michigan",4.37485814519527,-0.0301174224641604,500.260045091884,4.16403618794615,0,354,4.37485814519527,2021-01-17,362,4.51085950651685,0.120286414304396,0.0184963702813232,0.0768863047207849,0.030149766607694
26031,2021-01-10,355,"Cheboygan","Michigan",4.71081637512308,-0.0102302682508123,815.478284599138,4.63920449736739,0,354,4.71081637512308,2021-01-17,362,4.69396568477122,0.00299878764587723,0.000283945765334176,0.0116662947881132,0.00358986227925068
26033,2021-01-10,355,"Chippewa","Michigan",5.98681087842663,0.00503598186616856,-833.80707626167,6.02206275148981,0.00503598186617005,-833.807076261319,6.02206275148983,2021-01-17,362,7.09813948319945,1.15794113252688,1.15794113252686,0.15159982897724,0.151599828977239
26035,2021-01-10,355,"Clare","Michigan",5.42242953725607,-0.0353306037009948,508.476843564476,5.1751153113491,0,354,5.42242953725607,2021-01-17,362,5.30968112519835,0.0181079582569107,0.0127122044215363,0.0253434830974378,0.0212344977785277
26037,2021-01-10,355,"Clinton","Michigan",6.60838613031243,0.0184776238283375,-2.64263802024841,6.73772949711079,0.0184776238283364,-2.64263802026979,6.73772949711078,2021-01-17,362,6.66677502382015,0.00503453727995265,0.00503453727995151,0.0106429980068513,0.0106429980068501
26039,2021-01-10,355,"Crawford","Michigan",4.0943445622221,0,354,4.0943445622221,0,354,4.0943445622221,2021-01-17,362,4.17218704898604,0.00605945274559345,0.00605945274559345,0.0186574776849598,0.0186574776849598
26041,2021-01-10,355,"Delta","Michigan",5.08229128300269,-0.0140847398817351,715.836715883787,4.98369810383054,0,354,5.08229128300269,2021-01-17,362,5.03602452810108,0.00273805467693966,0.00214061260912605,0.0103904228382029,0.00918715837133938
26043,2021-01-10,355,"Dickinson","Michigan",5.26490830441691,-0.0276783874221465,545.21730652575,5.07115959246188,0,354,5.26490830441691,2021-01-17,362,5.04893983677776,0.000493717542662039,0.0466423790144013,0.00440087551098687,0.0427750130960124
26045,2021-01-10,355,"Eaton","Michigan",6.8114016978811,0.0059956001629549,-781.066701039672,6.85337089902178,0.00599560016295264,-781.0667010401,6.85337089902176,2021-01-17,362,6.83364730682842,0.000389020089010114,0.000389020089009483,0.00288624673000831,0.00288624673000597
26047,2021-01-10,355,"Emmet","Michigan",4.69787958409236,0.0117879557520499,-43.5321698612075,4.78039527435671,0.0117879557520491,-43.5321698612373,4.7803952743567,2021-01-17,362,4.83059684331687,0.00252019752606137,0.00252019752606199,0.0103924153864363,0.0103924153864376
26049,2021-01-10,355,"Genesee","Michigan",7.9874274254497,-0.0433074986488362,539.435205787724,7.68427493490785,0,354,7.9874274254497,2021-01-17,362,7.83710325001294,0.0233564938978609,0.0225973577207425,0.0195006126919201,0.0191810890632983
26051,2021-01-10,355,"Gladwin","Michigan",5.28247830251829,0.0116789648641445,-97.3070635083404,5.3642310565673,0.0116789648641449,-97.3070635083264,5.36423105656731,2021-01-17,362,5.28826703069454,0.00577053322679854,0.00577053322679895,0.014364635036743,0.0143646350367436
26053,2021-01-10,355,"Gogebic","Michigan",3.95124371858143,-0.03509131981127,467.598891686953,3.70560447990254,0,354,3.95124371858143,2021-01-17,362,4.31175743882733,0.367421409613276,0.129970142485538,0.140581414312964,0.0836117813584494
26055,2021-01-10,355,"Grand Traverse","Michigan",6.50535689224476,0.0012825995772826,-4717.00922834189,6.51433508928574,0.00128259957728361,-4717.00922833792,6.51433508928574,2021-01-17,362,6.59539011770416,0.00656991763191112,0.00656991763190996,0.0122896488262072,0.0122896488262061
26057,2021-01-10,355,"Gratiot","Michigan",5.73933345892052,-0.0471256143085529,476.787981825393,5.40945415876065,0,354,5.73933345892052,2021-01-17,362,6.81155899241543,1.96589796455811,1.14966759467845,0.205841986425722,0.157412647337977
26059,2021-01-10,355,"Hillsdale","Michigan",6.2408326380582,0.0196746087722808,37.7976245783952,6.37855489946417,0.0196746087722808,37.7976245783953,6.37855489946417,2021-01-17,362,6.2841341610708,0.00891527583874887,0.00891527583874887,0.0150252582095222,0.0150252582095222
26061,2021-01-10,355,"Houghton","Michigan",5.39557370330785,0.064927449644448,271.898419191655,5.85006585081898,0.064927449644447,271.898419191654,5.85006585081897,2021-01-17,362,5.77986129253264,0.00492868000418039,0.00492868000417939,0.0121464088380535,0.0121464088380523
26063,2021-01-10,355,"Huron","Michigan",5.73841391862584,-0.0200371002291557,641.389440238261,5.59815421702175,0,354,5.73841391862584,2021-01-17,362,5.72963585348254,0.0172874207264054,7.70544276601439e-05,0.0229476427163982,0.00153204590444814
26065,2021-01-10,355,"Ingham","Michigan",7.54735097827094,-0.0262536924398052,642.477694635739,7.36357513119231,0,354,7.54735097827094,2021-01-17,362,7.49005070410997,0.0159960705448522,0.00328332141892223,0.0168858099783313,0.00765018508212863
26067,2021-01-10,355,"Ionia","Michigan",6.3383416485666,0.00607750667818107,-687.918088650065,6.38088419531387,0.00607750667818063,-687.918088650139,6.38088419531387,2021-01-17,362,6.84405450207695,0.214526733067005,0.214526733067008,0.0676748419555283,0.0676748419555287
26069,2021-01-10,355,"Iosco","Michigan",4.98848706087325,-0.0382090413731906,485.557765429138,4.72102377126091,0,354,4.98848706087325,2021-01-17,362,4.80284939843637,0.00669543326265641,0.0344613417150291,0.017036892142005,0.0386515684829337
26071,2021-01-10,355,"Iron","Michigan",4.18965474202643,0.0442550090040409,260.32925342657,4.49943980505471,0.0442550090040408,260.32925342657,4.49943980505471,2021-01-17,362,4.3658246600976,0.0178530069619098,0.0178530069619096,0.030604789555182,0.0306047895551818
26073,2021-01-10,355,"Isabella","Michigan",6.21973777624219,-0.014392798192655,787.14235987942,6.11898818889361,0,354,6.21973777624219,2021-01-17,362,6.13246795457121,0.000181704082723021,0.00761602177448546,0.00219809802145851,0.014230783155733
26075,2021-01-10,355,"Jackson","Michigan",7.13841338233738,-0.0188769650255829,733.15471780888,7.0062746271583,0,354,7.13841338233738,2021-01-17,362,7.65430780768732,0.419947003066557,0.266147058107145,0.0846625451720392,0.0673992264632761
26077,2021-01-10,355,"Kalamazoo","Michigan",7.4252727480377,0.00170430377853224,-4001.77773033654,7.43720287448742,0.00170430377853137,-4001.77773033878,7.43720287448742,2021-01-17,362,7.42390953746619,0.00017671280916004,0.000176712809159875,0.00179061139607696,0.00179061139607612
26079,2021-01-10,355,"Kalkaska","Michigan",4.06290303638728,-0.0385589936036858,460.368492708765,3.79299008116148,0,354,4.06290303638728,2021-01-17,362,3.88008995832514,0.007586388601924,0.0334206215105558,0.0224479014917616,0.0471156803130041
26081,2021-01-10,355,"Kent","Michigan",8.52917822596126,-0.00745338077576279,1499.33684291252,8.47700456053092,0,354,8.52917822596126,2021-01-17,362,8.53965334877497,0.00392487066844769,0.000109728197962287,0.00733622147004785,0.00122664496858197
26085,2021-01-10,355,"Lake","Michigan",3.79066214842388,-0.0533878734180655,426.002306436525,3.41694703449742,0,354,3.79066214842388,2021-01-17,362,3.68171096463532,0.0700999387020686,0.0118703604489276,0.0719132850680277,0.0295925413035097
26087,2021-01-10,355,"Lapeer","Michigan",6.45542315626639,-0.0318258904845289,557.835586309972,6.23264192287469,0,354,6.45542315626639,2021-01-17,362,6.45384994546883,0.0489329892600102,2.47499221356045e-06,0.0342753588111309,0.000243763150809677
26089,2021-01-10,355,"Leelanau","Michigan",4.94571574799694,-0.0151288815963,681.905575704055,4.83981357682284,0,354,4.94571574799694,2021-01-17,362,5.00490461938727,0.0272550523350094,0.00350332249646065,0.0329858519031354,0.0118261737019022
26091,2021-01-10,355,"Lenawee","Michigan",6.95654544315157,0.00751113124999095,-571.164809483252,7.00912336190151,0.00751113124999314,-571.164809482982,7.00912336190152,2021-01-17,362,7.16714810011432,0.0249718178872277,0.024971817887223,0.0220484823259465,0.0220484823259444
26093,2021-01-10,355,"Livingston","Michigan",7.08290834629748,0.0133987157470776,-173.625913109793,7.17669935652702,0.0133987157470763,-173.625913109846,7.17669935652701,2021-01-17,362,7.21261047419107,0.00128960837188135,0.00128960837188198,0.0049789348520279,0.00497893485202913
26097,2021-01-10,355,"Mackinac","Michigan",3.61477148196021,0.00385356931598901,-583.032038754828,3.64174646717214,0.0038535693159889,-583.032038754852,3.64174646717214,2021-01-17,362,3.52214999207982,0.0143033168545073,0.0143033168545071,0.0339555315251342,0.033955531525134
26099,2021-01-10,355,"Macomb","Michigan",8.57651276034081,-0.0174033486242945,847.808191428647,8.45468931997075,0,354,8.57651276034081,2021-01-17,362,8.54185792905364,0.0075983664094474,0.00120095733154163,0.010204876949125,0.00405706013551093
26101,2021-01-10,355,"Manistee","Michigan",4.80636022708643,-0.00116754245603845,4471.64706686104,4.79818742989416,0,354,4.80636022708643,2021-01-17,362,5.50938833662798,0.505806729739007,0.494248522805567,0.129088904843675,0.127605473890381
26103,2021-01-10,355,"Marquette","Michigan",5.69180628360948,-0.00288739372883545,2326.26087335,5.67159452750764,0,354,5.69180628360948,2021-01-17,362,5.67332326717149,2.9885408253932e-06,0.000341621896647054,0.000304713759898105,0.00325788176833543
26105,2021-01-10,355,"Mason","Michigan",5.28392862909594,-0.0320883145515054,519.668313152273,5.0593104272354,0,354,5.28392862909594,2021-01-17,362,5.11284800346335,0.00286627206836377,0.0292685804668372,0.010471184786187,0.0334609254014005
26107,2021-01-10,355,"Mecosta","Michigan",5.17695650954377,-0.0191699161077229,625.056294479983,5.04276709678971,0,354,5.17695650954377,2021-01-17,362,5.20086203039732,0.0249940080323955,0.000571473927279626,0.0303978326445885,0.00459645357131808
26109,2021-01-10,355,"Menominee","Michigan",5.41610040220442,-0.00380228594973952,1779.43268964962,5.38948440055624,0,354,5.41610040220442,2021-01-17,362,5.16885929931115,0.0486754352994073,0.0611281629598799,0.0426835184456452,0.0478328173735003
26111,2021-01-10,355,"Midland","Michigan",6.47477214198008,0.0064081536269982,-655.395898547315,6.51962921736907,0.00640815362699865,-655.395898547244,6.51962921736907,2021-01-17,362,6.46636687241136,0.0028368773903934,0.00283687739039377,0.00823682695532576,0.00823682695532631
26113,2021-01-10,355,"Missaukee","Michigan",5.04065631035112,0.0195993207924444,97.8147452796266,5.17785155589823,0.0195993207924436,97.814745279617,5.17785155589822,2021-01-17,362,5.16478597392351,0.000170709432337944,0.000170709432337805,0.00252974315696329,0.00252974315696225
26115,2021-01-10,355,"Monroe","Michigan",7.09884778213119,-0.00223964259350155,3524.63420981941,7.08317028397668,0,354,7.09884778213119,2021-01-17,362,7.10249935577465,0.000373613016570948,1.33339900735819e-05,0.00272144646972072,0.000514125163628072
26117,2021-01-10,355,"Montcalm","Michigan",5.96431355804203,-0.0127622516138531,822.340226356916,5.87497779674506,0,354,5.96431355804203,2021-01-17,362,7.28109066381398,1.97715339493678,1.73390194628515,0.193118439529548,0.180848881928658
26119,2021-01-10,355,"Montmorency","Michigan",4.18965474202643,0.00433840159859811,-610.713903337176,4.22002355321661,0.00433840159859855,-610.713903337078,4.22002355321662,2021-01-17,362,4.23410650459726,0.000198329519589676,0.000198329519589601,0.00332607395807273,0.0033260739580721
26121,2021-01-10,355,"Muskegon","Michigan",6.75593521449316,-0.0327147264045219,561.510521621215,6.52693212966151,0,354,6.75593521449316,2021-01-17,362,6.93425809884813,0.165914445173824,0.031799051084677,0.0587411029961934,0.0257162167621933
26123,2021-01-10,355,"Newaygo","Michigan",5.72824277222636,-0.00556071868470137,1385.12633744373,5.68931774143345,0,354,5.72824277222636,2021-01-17,362,5.68503643183514,1.83296118765535e-05,0.00186678785000164,0.000753083933522785,0.0076000111713038
26125,2021-01-10,355,"Oakland","Michigan",8.96363571053832,-0.00755875264615019,1540.86175922871,8.91072444201527,0,354,8.96363571053832,2021-01-17,362,8.96323340642756,0.00275719134365151,1.61848597532187e-07,0.00585826141430605,4.48838150827092e-05
26127,2021-01-10,355,"Oceana","Michigan",5.11284800346335,-0.011965954741612,782.282913387869,5.02908632027207,0,354,5.11284800346335,2021-01-17,362,5.10767557813836,0.00617627145197508,2.67539837425826e-05,0.0153865014846811,0.00101267694979049
26129,2021-01-10,355,"Ogemaw","Michigan",5.14249862962008,-0.0231033378207624,577.586825744228,4.98077526487474,0,354,5.14249862962008,2021-01-17,362,4.87737597330037,0.0106914134980819,0.0702900228940184,0.0211997787622684,0.0543576418490265
26133,2021-01-10,355,"Osceola","Michigan",5.01917019654609,-0.0140649294674053,711.857118137546,4.92071569027425,0,354,5.01917019654609,2021-01-17,362,4.91475352239297,3.55474458446067e-05,0.0109028418411989,0.0012131163555035,0.0212455566036769
26135,2021-01-10,355,"Oscoda","Michigan",3.97029191355212,-0.00269179166571189,1829.96255528457,3.95144937189214,0,354,3.97029191355212,2021-01-17,362,3.94019388239484,0.000126686043823757,0.0009058914795446,0.00285658265386059,0.00763871831073108
26137,2021-01-10,355,"Otsego","Michigan",4.71722254693549,-0.0498235046862737,449.678657726683,4.36845801413158,0,354,4.71722254693549,2021-01-17,362,4.38914410244275,0.000427914249617539,0.107635465740779,0.00471301188303607,0.0747477040706309
26139,2021-01-10,355,"Ottawa","Michigan",7.69276514511978,-0.0257298557453146,653.982054981814,7.51265615490258,0,354,7.69276514511978,2021-01-17,362,7.64307211698516,0.0170083231659252,0.00246939704518826,0.0170632907928159,0.00650170865510856
26141,2021-01-10,355,"Presque Isle","Michigan",4.74741351921463,-0.0341080565809099,494.187452910223,4.50865712314826,0,354,4.74741351921463,2021-01-17,362,4.45434729625351,0.00294955729733838,0.0858878110407002,0.0121925443353812,0.0657933033662687
26143,2021-01-10,355,"Roscommon","Michigan",5.00106584308011,-0.050619990846508,453.796261307999,4.64672590715455,0,354,5.00106584308011,2021-01-17,362,4.75972894580469,0.0127696867441652,0.0582434979865244,0.0237414861091499,0.0507039161312187
26145,2021-01-10,355,"Saginaw","Michigan",7.4667177923557,-0.017169194021384,789.890407963007,7.34653343420601,0,354,7.4667177923557,2021-01-17,362,7.69074316354187,0.118480337769466,0.050187366935102,0.0447563677548865,0.0291292228101139
26147,2021-01-10,355,"St. Clair","Michigan",7.09979140097923,-0.00529132870751212,1696.77855760494,7.06275210002664,0,354,7.09979140097923,2021-01-17,362,7.04390823231161,0.00035509135046165,0.00312292854033337,0.0026752006263501,0.00793354581356862
26149,2021-01-10,355,"St. Joseph","Michigan",6.38447142029411,-0.00672756021305678,1304.00249393579,6.33737849880271,0,354,6.38447142029411,2021-01-17,362,6.44231266106396,0.0110111784094716,0.0033456091337968,0.0162882753107369,0.00897833492612672
26151,2021-01-10,355,"Sanilac","Michigan",5.68357976733868,-0.00967125526517892,942.677567337329,5.61588098048243,0,354,5.68357976733868,2021-01-17,362,5.68600636401594,0.00491756941572198,5.88837143408214e-06,0.0123329766173498,0.000426766437092881
26153,2021-01-10,355,"Schoolcraft","Michigan",3.44771739729705,0.013730192811901,103.895194369838,3.54382874698035,0.0137301928119009,103.895194369836,3.54382874698035,2021-01-17,362,3.5305534028762,0.000176234761083796,0.000176234761083784,0.00376013122853287,0.00376013122853274
26155,2021-01-10,355,"Shiawassee","Michigan",6.23748722094312,-0.00139528416664462,4825.40636599714,6.22772023177661,0,354,6.23748722094312,2021-01-17,362,6.22002198826627,5.92629531444285e-05,0.000305034352456442,0.00123765535312547,0.00280790529515736
26157,2021-01-10,355,"Tuscola","Michigan",6.23441072571837,-0.0150127923891854,770.273225932932,6.12932117899407,0,354,6.23441072571837,2021-01-17,362,6.0399145173636,0.00799355114390533,0.037828775064381,0.0148026369203476,0.032201814743508
26159,2021-01-10,355,"Van Buren","Michigan",6.35412156272426,-0.015045295514529,777.332785460292,6.24880449412256,0,354,6.35412156272426,2021-01-17,362,6.3261494731551,0.00598224578154398,0.00078243779486527,0.0122262332499021,0.00442166118392585
26161,2021-01-10,355,"Washtenaw","Michigan",7.6434829070772,-0.00471199697249031,1977.13238923997,7.61049892826977,0,354,7.6434829070772,2021-01-17,362,7.69471801646038,0.00709285481565826,0.00262503643350651,0.0109450519187907,0.00665847783811958
26163,2021-01-10,355,"Wayne","Michigan",9.22844688381027,-0.0135444138437577,1036.34708450772,9.13363598690397,0,354,9.22844688381027,2021-01-17,362,9.17265333927641,0.00152235378615556,0.00311291961165174,0.00425366041092786,0.00608259600250636
26165,2021-01-10,355,"Wexford","Michigan",5.15987598042596,-0.00490999349755663,1405.89263010097,5.12550602594306,0,354,5.15987598042596,2021-01-17,362,5.23568179555655,0.0121387002099251,0.00574652160761393,0.0210432516557816,0.0144786902815466
27001,2021-01-10,355,"Aitkin","Minnesota",4.59222967471236,-0.0752443946118918,416.030854170585,4.06551891242911,0,354,4.59222967471236,2021-01-17,362,4.33073334028633,0.0703386927436307,0.0683803329182479,0.0612400734513203,0.0603815367696448
27003,2021-01-10,355,"Anoka","Minnesota",7.9335920407303,-0.0125198846412372,988.679324376449,7.84595284824164,0,354,7.9335920407303,2021-01-17,362,7.81220475046506,0.00113893410353753,0.0147348742379376,0.00431991977355303,0.0155381603711825
27005,2021-01-10,355,"Becker","Minnesota",5.36597601502185,-0.0295976882859964,536.297132504793,5.15879219701988,0,354,5.36597601502185,2021-01-17,362,5.19849703126583,0.0015764738624983,0.0280492099999509,0.00763775260563746,0.0322168085792374
27007,2021-01-10,355,"Beltrami","Minnesota",5.68891052869023,-0.0374717778832114,506.818537845226,5.42660808350775,0,354,5.68891052869023,2021-01-17,362,5.52772695944089,0.0102250270699824,0.0259801429959558,0.018293030150565,0.0291591047155556
27009,2021-01-10,355,"Benton","Minnesota",6.00916412420738,-0.00664454271866836,1259.37587335005,5.9626523251767,0,354,6.00916412420738,2021-01-17,362,5.91079664404053,0.00268901166609682,0.00967616115437666,0.00877304435578227,0.0166420004088675
27011,2021-01-10,355,"Big Stone","Minnesota",3.61861025826738,-0.0594970988646448,415.819944624522,3.20213056621487,0,354,3.61861025826738,2021-01-17,362,3.40119738166216,0.0396275970123248,0.0472683589137587,0.0585284513391002,0.0639224520686229
27013,2021-01-10,355,"Blue Earth","Minnesota",6.11019951048975,0.00604423662909259,-655.913351916049,6.15250916689339,0.00604423662909248,-655.913351916066,6.15250916689339,2021-01-17,362,6.12123889085479,0.000977830163530415,0.000977830163530359,0.00510848810121117,0.00510848810121103
27015,2021-01-10,355,"Brown","Minnesota",5.34301754546594,-0.0196151030179351,627.393040229283,5.2057118243404,0,354,5.34301754546594,2021-01-17,362,5.20243559484476,1.07336797081124e-05,0.0197632848404579,0.000629749169578989,0.0270223336854941
27017,2021-01-10,355,"Carlton","Minnesota",5.71749751583817,-0.0139927656213283,763.603822186754,5.61954815648887,0,354,5.71749751583817,2021-01-17,362,5.52260312244102,0.00939833962653788,0.0379838245776407,0.0175542279426002,0.0352903131143343
27019,2021-01-10,355,"Carver","Minnesota",6.50257584435113,-0.0140397966674813,818.153135216858,6.40429726767876,0,354,6.50257584435113,2021-01-17,362,6.42092516077236,0.000276486828732151,0.00666683412888046,0.00258964131760705,0.0127163425105158
27021,2021-01-10,355,"Cass","Minnesota",5.22112772785691,-0.0371114151237186,495.687918001811,4.96134782199088,0,354,5.22112772785691,2021-01-17,362,5.14583196603984,0.0340343994054796,0.00566945174761206,0.035851179219702,0.0146323786540218
27023,2021-01-10,355,"Chippewa","Minnesota",4.87082573153965,-0.0900188980535892,409.108924202116,4.24069344516453,0,354,4.87082573153965,2021-01-17,362,4.30791866252016,0.00451922984851206,0.316864368352115,0.0156050340366235,0.13066798914216
27025,2021-01-10,355,"Chisago","Minnesota",6.20859002609663,-0.011716093440199,884.91981139331,6.12657737201524,0,354,6.20859002609663,2021-01-17,362,6.13710977011602,0.000110931409753321,0.00510942699505382,0.00171618212730473,0.011647218097463
27027,2021-01-10,355,"Clay","Minnesota",6.13122648948314,-0.0208981176376154,648.386543027554,5.98493966601983,0,354,6.13122648948314,2021-01-17,362,5.97924736316939,3.24023117411638e-05,0.0230976548350912,0.000952009927788956,0.0254177686726766
27029,2021-01-10,355,"Clearwater","Minnesota",3.99688922607139,-0.0026212334798746,1879.81236668112,3.97854059171227,0,354,3.99688922607139,2021-01-17,362,3.89182029811063,0.00752040932235442,0.0110394796228236,0.0222827075658501,0.0269973739568009
27033,2021-01-10,355,"Cottonwood","Minnesota",4.34380542185368,-0.107214084307158,395.515249931241,3.59330683170358,0,354,4.34380542185368,2021-01-17,362,3.96217278911362,0.136062094536027,0.145643466372114,0.0930968882587681,0.0963190282333551
27035,2021-01-10,355,"Crow Wing","Minnesota",5.81498304679571,-0.00382734892045848,1874.32399361674,5.7881916043525,0,354,5.81498304679571,2021-01-17,362,5.85097019372821,0.00394115128400409,0.00129507474434144,0.0107296033473225,0.00615062899672207
27037,2021-01-10,355,"Dakota","Minnesota",8.22962539814863,-0.00887377836575267,1282.40939191246,8.16750894958836,0,354,8.22962539814863,2021-01-17,362,8.1378969576041,0.000876870069275938,0.00841410680473146,0.0036387769639417,0.0112717623511832
27039,2021-01-10,355,"Dodge","Minnesota",5.11198778835654,0.0156117654721177,27.5554327928857,5.22127014666137,0.0156117654721166,27.5554327928635,5.22127014666136,2021-01-17,362,5.17856811343811,0.00182346364140032,0.00182346364139971,0.00824591514253709,0.00824591514253572
27041,2021-01-10,355,"Douglas","Minnesota",5.94467238560122,-0.00485347228642926,1579.8287483217,5.91069807959622,0,354,5.94467238560122,2021-01-17,362,5.83146345360255,0.00627812595635674,0.0128162622842806,0.0135874342048256,0.0194134684885553
27043,2021-01-10,355,"Faribault","Minnesota",5.21182533519459,-0.0023337233462241,2588.26614254735,5.19548927177102,0,354,5.21182533519459,2021-01-17,362,5.15987598042596,0.00126830652042842,0.00269873546087726,0.00690196653566163,0.0100679463936155
27045,2021-01-10,355,"Fillmore","Minnesota",5.32995445149122,-0.018512698742292,642.908020634237,5.20036556029517,0,354,5.32995445149122,2021-01-17,362,5.16804596051072,0.00104455653022695,0.0262143594515804,0.00625373691166923,0.0313287637566777
27047,2021-01-10,355,"Freeborn","Minnesota",5.80771339750443,0.0601419057245733,258.433166482926,6.22870673757645,0.0601419057245725,258.433166482925,6.22870673757644,2021-01-17,362,6.14571726254576,0.00688725296586935,0.00688725296586832,0.01350362723916,0.013503627239159
27049,2021-01-10,355,"Goodhue","Minnesota",6.30601456474604,0.00522877008279943,-851.022537783851,6.34261595532564,0.00522877008279998,-851.022537783723,6.34261595532564,2021-01-17,362,6.28785856016178,0.00299837232513066,0.00299837232513105,0.00870843302850103,0.00870843302850159
27051,2021-01-10,355,"Grant","Minnesota",4.16333743370905,0.0339015516756821,232.193307446884,4.40064829543883,0.0339015516756822,232.193307446885,4.40064829543883,2021-01-17,362,4.07511320029421,0.105973098170813,0.105973098170813,0.0798836938127536,0.0798836938127536
27053,2021-01-10,355,"Hennepin","Minnesota",9.06253617720779,-0.00454399777230927,2349.39714350964,9.03072819280162,0,354,9.06253617720779,2021-01-17,362,9.00974427690596,0.000440324726316466,0.00278698473747859,0.00232902458169146,0.00585942271826183
27055,2021-01-10,355,"Houston","Minnesota",5.4249500174814,0.0101202634784374,-181.048298449934,5.49579186183047,0.010120263478437,-181.048298449959,5.49579186183046,2021-01-17,362,5.38318358719128,0.0126806235172143,0.0126806235172135,0.0209185276361604,0.0209185276361597
27057,2021-01-10,355,"Hubbard","Minnesota",4.7361984483945,-0.0223057575143,567.330760134829,4.5800581457944,0,354,4.7361984483945,2021-01-17,362,4.64026150579937,0.00362444455588806,0.00920389695450126,0.0129741308608854,0.0206748999976033
27059,2021-01-10,355,"Isanti","Minnesota",5.68503643183514,-0.0139727640684007,761.865556736324,5.58722708335634,0,354,5.68503643183514,2021-01-17,362,5.53169409414228,0.00308391289104914,0.0235138725291132,0.010039056438943,0.0277206828655343
27061,2021-01-10,355,"Itasca","Minnesota",5.53395398210971,-0.0602261889802994,446.886172374611,5.11237065924762,0,354,5.53395398210971,2021-01-17,362,5.26490830441691,0.0232677331937917,0.0723855766851818,0.028972516965076,0.0511016834741634
27063,2021-01-10,355,"Jackson","Minnesota",4.67149282891917,-0.0328760706129377,497.094013725618,4.4413603346286,0,354,4.67149282891917,2021-01-17,362,4.43081679884331,0.000111166146855637,0.0579249514530723,0.00237959190459869,0.0543186597420777
27065,2021-01-10,355,"Kanabec","Minnesota",4.42911467077278,-0.0433401161081189,457.194342528378,4.12573385801595,0,354,4.42911467077278,2021-01-17,362,4.21950770517611,0.00879353441121628,0.0439350800266463,0.0222238833798366,0.0496756921049225
27067,2021-01-10,355,"Kandiyohi","Minnesota",5.88689736746955,-0.0506388376128795,471.252616469464,5.53242550417939,0,354,5.88689736746955,2021-01-17,362,5.47227067367148,0.00361860363343648,0.171915295209924,0.0109926635751663,0.0757686741982544
27071,2021-01-10,355,"Koochiching","Minnesota",4.04555439805267,-0.0416216746908238,452.198260956678,3.7542026752169,0,354,4.04555439805267,2021-01-17,362,3.85014760171006,0.00920542891977732,0.0381838160568822,0.0249198047499641,0.0507530662605816
27073,2021-01-10,355,"Lac qui Parle","Minnesota",4.62497281328427,-0.0152886925150939,657.509374736801,4.51795196567861,0,354,4.62497281328427,2021-01-17,362,4.39268392914787,0.0156920809762676,0.0539581256933339,0.0285174254627156,0.0528808555049991
27075,2021-01-10,355,"Lake","Minnesota",4.31367131500961,0.0330447947774592,224.459884860532,4.54498487845182,0.0330447947774575,224.459884860525,4.54498487845181,2021-01-17,362,4.54025063988878,2.2413014771855e-05,2.24130147717457e-05,0.00104272625864647,0.00104272625864392
27077,2021-01-10,355,"Lake of the Woods","Minnesota",3.07797037179096,0.00660068403134997,-111.310818268551,3.12417516001041,0.00660068403134995,-111.310818268553,3.12417516001041,2021-01-17,362,3.34739467566918,0.049826952170934,0.049826952170934,0.0666845524016799,0.0666845524016799
27079,2021-01-10,355,"Le Sueur","Minnesota",5.30472536284337,-0.00707216526136623,1105.08503998372,5.2552202060138,0,354,5.30472536284337,2021-01-17,362,5.2447658852769,0.000109292822070096,0.00359513895004392,0.00199328644320484,0.0114322505290059
27081,2021-01-10,355,"Lincoln","Minnesota",3.61091791264422,0.0194937946810009,169.765776918565,3.74737447541123,0.0194937946810008,169.765776918563,3.74737447541123,2021-01-17,362,3.630038954091,0.0137676245634898,0.0137676245634895,0.0323234882060957,0.0323234882060953
27083,2021-01-10,355,"Lyon","Minnesota",5.62916155045225,-0.016285347190994,700.658062086955,5.51516412011529,0,354,5.62916155045225,2021-01-17,362,5.49833850044139,0.000283101477410628,0.0171146704141428,0.00306012801368018,0.0237931967994246
27085,2021-01-10,355,"McLeod","Minnesota",5.62710710699723,-0.0228726616659883,601.018901917513,5.46699847533532,0,354,5.62710710699723,2021-01-17,362,5.41990268815416,0.00221801317021286,0.0429336711880964,0.00868941563915727,0.0382302839672647
27087,2021-01-10,355,"Mahnomen","Minnesota",3.58747933967221,-0.011787955752044,659.334306569666,3.5049636494079,0,354,3.58747933967221,2021-01-17,362,3.34739467566918,0.0248279814850735,0.0576406458894469,0.0470721229510293,0.0717228433647528
27089,2021-01-10,355,"Marshall","Minnesota",3.88890058800729,-0.0705511109919698,410.121748379695,3.3950428110635,0,354,3.88890058800729,2021-01-17,362,3.53472877428668,0.0195121683215858,0.12543767363415,0.0395181560292028,0.100197734065774
27091,2021-01-10,355,"Martin","Minnesota",5.13747769856998,-0.0174640613187553,649.17428196113,5.01522926933869,0,354,5.13747769856998,2021-01-17,362,5.002987073258,0.000149871364878148,0.0180877282968075,0.00244697735601409,0.026882065322707
27093,2021-01-10,355,"Meeker","Minnesota",5.06259503302697,-0.00361011222410437,1757.33730110231,5.03732424745824,0,354,5.06259503302697,2021-01-17,362,4.99624655664416,0.0016873766826171,0.00440212031832032,0.00822171010745116,0.0132796641700114
27095,2021-01-10,355,"Mille Lacs","Minnesota",5.16804596051072,-0.0249108903794898,562.461310365919,4.9936697278543,0,354,5.16804596051072,2021-01-17,362,4.91893762891555,0.00558488661179067,0.0620549608701317,0.0151927315563915,0.050642709948346
27097,2021-01-10,355,"Morrison","Minnesota",5.4788516127679,0.00298596817856299,-1479.86604180913,5.49975339001784,0.00298596817856289,-1479.86604180919,5.49975339001784,2021-01-17,362,5.46504172652832,0.00120489958220942,0.00120489958220936,0.00635158251784603,0.00635158251784587
27099,2021-01-10,355,"Mower","Minnesota",5.6728322286151,-0.00392157365318137,1801.57036442833,5.64538121304283,0,354,5.6728322286151,2021-01-17,362,5.78996017089725,0.0209030750542709,0.0137189548632513,0.0249706308138589,0.020229490156234
27101,2021-01-10,355,"Murray","Minnesota",4.55837802448133,0.0713480807974659,291.110712810607,5.05781459006359,0.0713480807974651,291.110712810606,5.05781459006359,2021-01-17,362,4.85981240436167,0.0392048655427381,0.039204865542736,0.0407427631412716,0.0407427631412705
27103,2021-01-10,355,"Nicollet","Minnesota",5.4211669108257,0.00888330714798084,-255.264490523433,5.48335006086156,0.00888330714797902,-255.264490523558,5.48335006086155,2021-01-17,362,5.40074501412123,0.00682359374697311,0.00682359374697105,0.0152951206776751,0.0152951206776728
27105,2021-01-10,355,"Nobles","Minnesota",5.06890420222023,-0.000898069211682755,5999.22444983097,5.06261771773845,0,354,5.06890420222023,2021-01-17,362,5.13663842029999,0.00547906440770299,0.00458792429887567,0.0144103393123806,0.0131864874529748
27109,2021-01-10,355,"Olmsted","Minnesota",7.33330308720724,-0.00139918869895722,5596.11086136742,7.32350876631454,0,354,7.33330308720724,2021-01-17,362,7.28491888934819,0.00148917860427852,0.00234103060246434,0.00529722808894708,0.0066416934208839
27111,2021-01-10,355,"Otter Tail","Minnesota",6.0154600526642,-0.0117852317246229,865.423570212547,5.93296343059184,0,354,6.0154600526642,2021-01-17,362,5.98645200528444,0.00286102762264584,0.000841466812786442,0.00893493752983968,0.0048456159598631
27113,2021-01-10,355,"Pennington","Minnesota",4.27468002104443,-0.0447110426379723,450.606806928139,3.96170272257862,0,354,4.27468002104443,2021-01-17,362,4.460969837014,0.249267651556632,0.0347038955339781,0.111918962171143,0.041759936241638
27115,2021-01-10,355,"Pine","Minnesota",6.17675787429109,-0.0559707652442901,465.356859466402,5.78496251758106,0,354,6.17675787429109,2021-01-17,362,5.79649187276047,0.000132926030852881,0.144602231920089,0.0019890229180835,0.0656027835245684
27117,2021-01-10,355,"Pipestone","Minnesota",3.95672318434605,-0.00816331063916099,839.695898422005,3.89958000987193,0,354,3.95672318434605,2021-01-17,362,4.18095903505887,0.0791741558151553,0.0502817167449011,0.0673001153150458,0.0536326351998472
27119,2021-01-10,355,"Polk","Minnesota",5.01822546336293,-0.0497798623922837,455.808343418418,4.66976642661694,0,354,5.01822546336293,2021-01-17,362,4.81681935787657,0.0216245645920478,0.0405644193271833,0.03052905254152,0.0418130908639988
27121,2021-01-10,355,"Pope","Minnesota",4.01766919456313,0.0181587350118709,133.747297543762,4.14478033964623,0.018158735011871,133.747297543764,4.14478033964623,2021-01-17,362,4.08957128346944,0.00304803988393156,0.00304803988393165,0.0134999618175011,0.0134999618175013
27123,2021-01-10,355,"Ramsey","Minnesota",8.26491503359104,-0.0161217337170774,867.656714137151,8.1520628975715,0,354,8.26491503359104,2021-01-17,362,8.14455477181096,5.63719524359684e-05,0.0144865926157681,0.000921858342277785,0.0147780038507019
27127,2021-01-10,355,"Redwood","Minnesota",4.74368912012365,-0.048553225416992,452.700803178022,4.40381654220471,0,354,4.74368912012365,2021-01-17,362,4.60802325497049,0.0417003815386075,0.0184052269677552,0.0443154692297862,0.0294412284067407
27129,2021-01-10,355,"Renville","Minnesota",4.90527477843843,-0.014706147389698,688.552673480933,4.80233174671054,0,354,4.90527477843843,2021-01-17,362,4.66209047624077,0.0196676139429749,0.0591386048353603,0.0300811988065171,0.0521620726661109
27131,2021-01-10,355,"Rice","Minnesota",6.60645711736858,-0.0105638166662,980.385438437851,6.53251040070518,0,354,6.60645711736858,2021-01-17,362,6.51661564101862,0.000252643385493583,0.00807149087274094,0.00243911265634785,0.0137865237569727
27133,2021-01-10,355,"Rock","Minnesota",4.33635659784069,-0.0221820555259774,550.489394243125,4.18108220915885,0,354,4.33635659784069,2021-01-17,362,4.38736947908438,0.0425544377333268,0.00260231405278224,0.0470184402998074,0.0116272134104216
27135,2021-01-10,355,"Roseau","Minnesota",4.54784369079637,-0.040034998081658,468.596700604813,4.26759870422477,0,354,4.54784369079637,2021-01-17,362,4.28850057666306,0.000436888271426654,0.067258850848365,0.00487393485546797,0.0604740770106442
27137,2021-01-10,355,"St. Louis","Minnesota",7.41800931084917,-0.0110027123876433,1029.19823853435,7.34099032413567,0,354,7.41800931084917,2021-01-17,362,7.29253165303174,0.00234824280515876,0.0157446426113485,0.00664497233738892,0.0172063233712899
27139,2021-01-10,355,"Scott","Minnesota",7.04390823231161,-0.000623169459942268,11658.359174508,7.03954604609201,0,354,7.04390823231161,2021-01-17,362,7.04078654656497,1.53884142341422e-06,9.74492190074803e-06,0.000176187768902794,0.000443371734960297
27141,2021-01-10,355,"Sherburne","Minnesota",6.66804671079323,-0.0115524750511516,932.196374047009,6.58717938543517,0,354,6.66804671079323,2021-01-17,362,6.53834654211466,0.00238464658676577,0.0168221337552505,0.00746868386463946,0.0198368452701538
27143,2021-01-10,355,"Sibley","Minnesota",4.65531996967356,-0.00542006746934334,1213.90443172612,4.61737949738816,0,354,4.65531996967356,2021-01-17,362,4.57323713888508,0.00194854781421401,0.00673759111025002,0.00965232223095185,0.0179485183679956
27145,2021-01-10,355,"Stearns","Minnesota",7.119982318555,-0.00518583703236688,1727.96684684002,7.08368145932843,0,354,7.119982318555,2021-01-17,362,7.02414051277169,0.00354512431687244,0.0091856517358051,0.00847661666911108,0.0136446310561473
27147,2021-01-10,355,"Steele","Minnesota",5.30472536284337,-0.00707216526136441,1105.08503998391,5.25522020601381,0,354,5.30472536284337,2021-01-17,362,5.47526737954008,0.0484207585768992,0.029084579458983,0.0401893018683502,0.0311477056506858
27149,2021-01-10,355,"Stevens","Minnesota",4.00212484012533,-0.0257746226886175,510.273847787216,3.82170248130501,0,354,4.00212484012533,2021-01-17,362,3.69953674858792,0.0149244662503025,0.091559553140251,0.0330219000429487,0.0817908057415305
27151,2021-01-10,355,"Swift","Minnesota",4.17438726989564,-0.0195871332753032,568.118847522163,4.03727733696851,0,354,4.17438726989564,2021-01-17,362,3.88303546855489,0.0237905539717246,0.0848858721444954,0.0397219828823822,0.0750319701429798
27153,2021-01-10,355,"Todd","Minnesota",4.90949864955462,-0.0382475559927045,483.361107582693,4.64176575760569,0,354,4.90949864955462,2021-01-17,362,4.70177822450801,0.0036014961837031,0.0431477749815416,0.0127637808583812,0.0441791201388149
27155,2021-01-10,355,"Traverse","Minnesota",3.7744016275521,-0.0258914139327433,500.778119238936,3.5931617300229,0,354,3.7744016275521,2021-01-17,362,3.78743112784243,0.0377405989291649,0.000169767877815768,0.0512931829681096,0.0034401946465901
27157,2021-01-10,355,"Wabasha","Minnesota",5.44550508562005,0.0199259394610838,81.712755689369,5.58498666184763,0.0199259394610829,81.7127556893569,5.58498666184763,2021-01-17,362,5.46806014113513,0.0136718112459309,0.0136718112459295,0.0213835469425228,0.0213835469425217
27159,2021-01-10,355,"Wadena","Minnesota",4.80519131988145,-0.0196879549722227,599.067569570379,4.66737563507589,0,354,4.80519131988145,2021-01-17,362,4.57176112385696,0.00914213475563399,0.054489656416029,0.0209141529114409,0.0510591410400618
27161,2021-01-10,355,"Waseca","Minnesota",5.44488837268036,-0.0018489989859471,3299.77628925868,5.43194537977873,0,354,5.44488837268036,2021-01-17,362,5.33753807970132,0.00891273830790739,0.0115240854026871,0.0176874241771591,0.0201123235799104
27163,2021-01-10,355,"Washington","Minnesota",7.61035761831284,-0.00585560246633778,1654.67115460154,7.56936840104847,0,354,7.61035761831284,2021-01-17,362,7.56904315603263,1.05784320330909e-07,0.00170688479350271,4.29704269269592e-05,0.00545834677231026
27165,2021-01-10,355,"Watonwan","Minnesota",3.63758615972639,-0.0898269583898017,395.49548403878,3.00879745099777,0,354,3.63758615972639,2021-01-17,362,3.58351893845611,0.330304788146322,0.00292326441588896,0.160379084728918,0.0150877453695193
27167,2021-01-10,355,"Wilkin","Minnesota",4.03044076024262,-0.0567353125008737,426.03936829784,3.6332935727365,0,354,4.03044076024262,2021-01-17,362,3.83791503327442,0.0418699421126711,0.0370661555446328,0.0533157870259937,0.0501641451931619
27169,2021-01-10,355,"Winona","Minnesota",5.87171529399806,0.00484262447578775,-857.506838668902,5.90561366532857,0.00484262447578843,-857.506838668733,5.90561366532858,2021-01-17,362,5.90028866644211,2.83556131407871e-05,2.83556131408344e-05,0.000902498028061693,0.000902498028062446
27171,2021-01-10,355,"Wright","Minnesota",7.0196799178526,-0.0218567225092732,676.16800288215,6.86668286028769,0,354,7.0196799178526,2021-01-17,362,6.88434042114393,0.000311789455392052,0.0183167793693549,0.00256488781438157,0.0196590360774427
27173,2021-01-10,355,"Yellow Medicine","Minnesota",4.64163986576949,-0.0163938097756686,638.133690660394,4.52688319733981,0,354,4.64163986576949,2021-01-17,362,4.45434729625351,0.00526145694640137,0.0350785065958977,0.0162842940305324,0.0420471411543298
28001,2021-01-10,355,"Adams","Mississippi",5.49423653160737,0.0165782364035213,23.5873938653473,5.61028418643202,0.0165782364035216,23.5873938653534,5.61028418643203,2021-01-17,362,5.60527671824084,2.5074737685751e-05,2.50747376857688e-05,0.000893348971495324,0.000893348971495641
28003,2021-01-10,355,"Alcorn","Mississippi",6.24749008289679,0.0274680946305132,127.554661437758,6.43976674531038,0.027468094630513,127.554661437756,6.43976674531038,2021-01-17,362,6.35932668043728,0.00647060403678841,0.00647060403678812,0.0126491480804958,0.0126491480804956
28005,2021-01-10,355,"Amite","Mississippi",5.002987073258,0.00770716724493727,-294.134359520276,5.05693724397256,0.00770716724493692,-294.134359520305,5.05693724397256,2021-01-17,362,5.00106584308011,0.00312161343768522,0.00312161343768493,0.0111718986803106,0.0111718986803101
28007,2021-01-10,355,"Attala","Mississippi",5.91234403313072,-0.00385802947671945,1887.47767255477,5.88533782679368,0,354,5.91234403313072,2021-01-17,362,5.75075693247115,0.0181120171166528,0.0261103910995658,0.0234022922378503,0.028098405576348
28009,2021-01-10,355,"Benton","Mississippi",5.08406276265107,0.0305504441984222,188.584653315331,5.29791587204003,0.0305504441984201,188.584653315319,5.29791587204001,2021-01-17,362,5.14249862962008,0.0241545192414201,0.0241545192414156,0.0302221261712669,0.0302221261712642
28011,2021-01-10,355,"Bolivar","Mississippi",6.64323154167351,0.0201153506725667,24.7431901729882,6.78403899638148,0.020115350672568,24.7431901730095,6.78403899638148,2021-01-17,362,6.64341764012012,0.0197743658367822,0.0197743658367847,0.0211670203318438,0.0211670203318451
28013,2021-01-10,355,"Calhoun","Mississippi",5.75030249029109,0.0040992997509392,-1047.7523820315,5.77899758854767,0.0040992997509397,-1047.75238203133,5.77899758854767,2021-01-17,362,5.6414003569673,0.0189329981385804,0.0189329981385814,0.0243906163139844,0.024390616313985
28015,2021-01-10,355,"Carroll","Mississippi",4.7361984483945,0.0228146777661758,147.405639170754,4.89590119275773,0.0228146777661751,147.405639170746,4.89590119275772,2021-01-17,362,4.84080680154977,0.00303539194257523,0.00303539194257464,0.0113812414885711,0.01138124148857
28017,2021-01-10,355,"Chickasaw","Mississippi",5.91273050656548,-0.00462606838878255,1633.13296511199,5.880348027844,0,354,5.91273050656548,2021-01-17,362,5.78030250145222,0.0100091073510092,0.0175371765382781,0.0173080087705875,0.0229102205429545
28019,2021-01-10,355,"Choctaw","Mississippi",4.80050197951806,0.011820468600431,-51.1177387961614,4.88324525972108,0.0118204686004306,-51.1177387961744,4.88324525972108,2021-01-17,362,4.8553728854163,0.000776869249385634,0.000776869249385486,0.00574052188421939,0.00574052188421884
28021,2021-01-10,355,"Claiborne","Mississippi",4.92932193822126,0.0454383497641541,246.51626404113,5.24739038657034,0.0454383497641508,246.516264041123,5.24739038657032,2021-01-17,362,5.14166355650266,0.0111781625961601,0.0111781625961552,0.0205627670705851,0.0205627670705806
28023,2021-01-10,355,"Clarke","Mississippi",5.29617221020165,0.0151463407636746,5.33321956525465,5.40219659554737,0.0151463407636729,5.33321956521553,5.40219659554736,2021-01-17,362,5.39167759448328,0.000110649383386301,0.000110649383386058,0.00195096996802103,0.00195096996801889
28025,2021-01-10,355,"Clay","Mississippi",5.76832099579377,0.0107720969819115,-180.487287710087,5.84372567466715,0.0107720969819098,-180.487287710167,5.84372567466714,2021-01-17,362,5.81285039510235,0.00095328288820465,0.000953282888203937,0.005311555857487,0.00531155585748501
28027,2021-01-10,355,"Coahoma","Mississippi",5.71937456941604,0.0198870190427171,67.4066428894703,5.85858370271506,0.0198870190427165,67.4066428894619,5.85858370271505,2021-01-17,362,5.86322524906523,2.15439525207507e-05,2.15439525207919e-05,0.000791637051792821,0.000791637051793579
28029,2021-01-10,355,"Copiah","Mississippi",5.66988092298052,-0.00980400009662378,933.323221858501,5.60125292230415,0,354,5.66988092298052,2021-01-17,362,5.62401750618734,0.000518226279374603,0.00210345299994504,0.00404774413631199,0.00815492070263363
28031,2021-01-10,355,"Covington","Mississippi",5.88332238848828,0.0128155538517911,-104.076716974354,5.97303126545082,0.0128155538517918,-104.076716974328,5.97303126545082,2021-01-17,362,5.85261290456989,0.0145005816372483,0.0145005816372496,0.0205751452973931,0.020575145297394
28033,2021-01-10,355,"DeSoto","Mississippi",8.11411095629558,0.00643392457072786,-906.144868438773,8.15914842829067,0.00643392457072878,-906.144868438594,8.15914842829068,2021-01-17,362,8.08341678831996,0.00573528129265357,0.00573528129265465,0.00936876595057424,0.00936876595057511
28035,2021-01-10,355,"Forrest","Mississippi",6.87257211821892,0.00118448340766188,-5447.16833242525,6.88086350207255,0.00118448340765998,-5447.16833243459,6.88086350207254,2021-01-17,362,6.82250857780209,0.00340529718661171,0.00340529718661016,0.00855329437918632,0.00855329437918437
28037,2021-01-10,355,"Franklin","Mississippi",4.97476135519337,-0.0368258666282673,490.088778912124,4.7169802887955,0,354,4.97476135519337,2021-01-17,362,4.69787958409236,0.000364836920156561,0.0766635151680326,0.00406581402550582,0.0589376049651356
28039,2021-01-10,355,"George","Mississippi",5.6301871915678,0.0160168756012884,3.4840532122942,5.74230532077682,0.0160168756012862,3.48405321224517,5.7423053207768,2021-01-17,362,5.77366384020427,0.000983356740681783,0.000983356740682786,0.00543130329290888,0.00543130329291165
28041,2021-01-10,355,"Greene","Mississippi",4.92725368515721,-0.0225188635353472,573.805610568359,4.76962164040977,0,354,4.92725368515721,2021-01-17,362,4.91684776399609,0.0216755314662532,0.000108283195211321,0.0299431934143636,0.00211638058784574
28043,2021-01-10,355,"Grenada","Mississippi",5.71089994242506,-0.0357595565875278,514.702761650487,5.46058304631237,0,354,5.71089994242506,2021-01-17,362,5.56068163101553,0.0100197266595753,0.0225655410827326,0.0180011357141619,0.0270143700678118
28045,2021-01-10,355,"Hancock","Mississippi",6.50471579808881,0.0146428111534286,-89.2258887266844,6.60721547616281,0.0146428111534282,-89.2258887266939,6.60721547616281,2021-01-17,362,6.56244409369372,0.00200447668819363,0.00200447668819339,0.00682236402015443,0.00682236402015402
28047,2021-01-10,355,"Harrison","Mississippi",7.90227608769572,0.0171618559486267,-105.455798682314,8.02240907933611,0.0171618559486264,-105.455798682322,8.02240907933611,2021-01-17,362,8.01258628651162,9.64872588729973e-05,9.64872588729624e-05,0.00122592037991941,0.00122592037991919
28049,2021-01-10,355,"Hinds","Mississippi",7.86863689418417,0.00850695286931803,-569.965380090905,7.92818556426939,0.00850695286931824,-569.965380090882,7.92818556426939,2021-01-17,362,7.88785212098925,0.00162678664683242,0.00162678664683257,0.00511336199785189,0.00511336199785212
28051,2021-01-10,355,"Holmes","Mississippi",4.95482051498986,0,354,4.95482051498986,0,354,4.95482051498986,2021-01-17,362,4.96284463025991,6.43864258669958e-05,6.43864258669958e-05,0.00161683789597629,0.00161683789597629
28053,2021-01-10,355,"Humphreys","Mississippi",4.80869395043265,-0.00465117117572575,1388.86733550659,4.77613575220257,0,354,4.80869395043265,2021-01-17,362,4.78749174278205,0.000128958522041092,0.000449533609259443,0.00237201256724769,0.0044286671998072
28057,2021-01-10,355,"Itawamba","Mississippi",6.30314212511598,-0.00781457480301926,1161.5879825836,6.24844010149484,0,354,6.30314212511598,2021-01-17,362,6.17646109435124,0.00518097746937908,0.0160480835556169,0.0116537619267826,0.0205102936502907
28059,2021-01-10,355,"Jackson","Mississippi",7.42663410279572,0.0181035359010968,-55.2311362470232,7.5533588541034,0.0181035359010986,-55.2311362469831,7.55335885410341,2021-01-17,362,7.50894379997127,0.00197269703356033,0.00197269703356144,0.00591495359604413,0.00591495359604578
28061,2021-01-10,355,"Jasper","Mississippi",6.09871613071202,-0.0108488619899379,917.152614381899,6.02277409678246,0,354,6.09871613071202,2021-01-17,362,5.95768614055899,0.00423644204534827,0.0198894581225651,0.0109250394679842,0.0236719402173479
28063,2021-01-10,355,"Jefferson","Mississippi",4.03802613163188,0.0075853713892575,-177.34389252853,4.09112373135668,0.00758537138925686,-177.343892528575,4.09112373135668,2021-01-17,362,4.20682254564879,0.0133862156286002,0.0133862156286012,0.0275026609838297,0.0275026609838308
28065,2021-01-10,355,"Jefferson Davis","Mississippi",4.80050197951806,-0.0093567934108814,868.049905957671,4.7350044256419,0,354,4.80050197951806,2021-01-17,362,4.69396568477122,0.00168417825225044,0.0113499820983866,0.00874287193956672,0.0226964366383171
28067,2021-01-10,355,"Jones","Mississippi",7.05272104923232,0.0188367073924269,-19.4136861237119,7.18457800097931,0.0188367073924267,-19.4136861237153,7.18457800097931,2021-01-17,362,7.16272966809453,0.000477349649844258,0.00047734964984422,0.00305028025587827,0.00305028025587815
28069,2021-01-10,355,"Kemper","Mississippi",4.61653394463841,0.0418229661350225,244.61725168573,4.90929470758356,0.0418229661350225,244.61725168573,4.90929470758356,2021-01-17,362,4.80402104473326,0.0110825440899198,0.0110825440899198,0.0219136556376495,0.0219136556376495
28071,2021-01-10,355,"Lafayette","Mississippi",6.65929391968364,0.0301193989069364,133.90349205641,6.87012971203219,0.0301193989069359,133.903492056406,6.87012971203219,2021-01-17,362,6.78008423195926,0.00810818848156535,0.00810818848156471,0.0132808792623089,0.0132808792623084
28073,2021-01-10,355,"Lamar","Mississippi",6.78816704350399,0.0131271636290448,-162.108435251365,6.8800571889073,0.0131271636290453,-162.108435251345,6.88005718890731,2021-01-17,362,6.80635516454041,0.0054319883957784,0.00543198839577892,0.0108284129442534,0.0108284129442539
28075,2021-01-10,355,"Lauderdale","Mississippi",6.89394608370795,0.0163555047720819,-66.5061644245672,7.00843461711252,0.0163555047720809,-66.5061644245927,7.00843461711252,2021-01-17,362,6.98392235421709,0.000600851032254781,0.000600851032254433,0.00350981320412747,0.00350981320412646
28077,2021-01-10,355,"Lawrence","Mississippi",4.64163986576949,-0.00686344492497423,1031.28427364221,4.59359575129467,0,354,4.64163986576949,2021-01-17,362,4.70177822450801,0.0117034475105569,0.003616622191764,0.0230088421970751,0.0127905562251018
28079,2021-01-10,355,"Leake","Mississippi",6.19586205560114,-0.00956113324398248,1003.02590838284,6.12893412289326,0,354,6.19586205560114,2021-01-17,362,6.03377115333243,0.00905599077563597,0.0262734605982847,0.0157717233787156,0.0268639459716977
28081,2021-01-10,355,"Lee","Mississippi",7.45066079621154,-0.00323209165465319,2660.21333932005,7.42803615462897,0,354,7.45066079621154,2021-01-17,362,7.35837583576339,0.00485256002445329,0.00851651392491574,0.00946680631981419,0.0125414850379916
28083,2021-01-10,355,"Leflore","Mississippi",6.12655722029946,0.0284829381332171,139.904310375389,6.32593778723198,0.0284829381332177,139.904310375393,6.32593778723198,2021-01-17,362,6.16451708851971,0.026056641972756,0.0260566419727571,0.0261854572538832,0.0261854572538838
28085,2021-01-10,355,"Lincoln","Mississippi",6.22512404015017,0.0188361733436929,24.5122769065733,6.35697725355602,0.0188361733436935,24.5122769065832,6.35697725355602,2021-01-17,362,6.25190388316589,0.0110404131651413,0.011040413165142,0.0168066196079971,0.0168066196079977
28087,2021-01-10,355,"Lowndes","Mississippi",7.24891041126283,-0.00516639957854341,1758.08745017871,7.21274561421303,0,354,7.24891041126283,2021-01-17,362,7.16449938429582,0.00232769870122398,0.00712522147362547,0.00673406854119631,0.0117818457981915
28089,2021-01-10,355,"Madison","Mississippi",7.32364208255272,-0.00582653654737616,1611.94604727928,7.28285632672108,0,354,7.32364208255272,2021-01-17,362,7.22548147278229,0.0032918738644975,0.00963550531050136,0.00794062709245271,0.0135853382421898
28091,2021-01-10,355,"Marion","Mississippi",5.93110774656709,0.014135860980911,-64.5788112642313,6.03005877343346,0.0141358609809092,-64.5788112642847,6.03005877343345,2021-01-17,362,5.96797656580077,0.00385420050454886,0.00385420050454732,0.0104025555308734,0.0104025555308713
28093,2021-01-10,355,"Marshall","Mississippi",6.3122532124823,0.0286522425731623,134.694270130366,6.51281891049444,0.0286522425731608,134.694270130355,6.51281891049443,2021-01-17,362,6.3976436859498,0.0132653323489079,0.0132653323489055,0.0180027569834158,0.0180027569834141
28095,2021-01-10,355,"Monroe","Mississippi",6.60355660291122,0.0075809479599238,-516.072672945455,6.65662323863069,0.0075809479599247,-516.072672945352,6.65662323863069,2021-01-17,362,6.56506374254701,0.00838314132309727,0.0083831413230984,0.0139464748057659,0.0139464748057669
28097,2021-01-10,355,"Montgomery","Mississippi",4.88927443709199,0.00539084863487937,-551.958211636264,4.92701037753615,0.00539084863487904,-551.958211636319,4.92701037753614,2021-01-17,362,4.92102313540657,3.58470683181926e-05,3.58470683181607e-05,0.00121666612101454,0.001216666121014
28099,2021-01-10,355,"Neshoba","Mississippi",6.23244801655052,-0.00671331192644499,1283.37158243754,6.18545483306541,0,354,6.23244801655052,2021-01-17,362,6.19002262294958,2.08647044259202e-05,0.00179991402219513,0.000737927817458092,0.00685383498335736
28101,2021-01-10,355,"Newton","Mississippi",5.88372024009488,0.00478469812333783,-874.695184194894,5.91721312695824,0.00478469812333771,-874.695184194927,5.91721312695824,2021-01-17,362,5.90341366898525,0.000190425040348534,0.00019042504034851,0.00233753871010193,0.00233753871010178
28103,2021-01-10,355,"Noxubee","Mississippi",5.25823914298063,0.030957549549343,185.146790701261,5.47494198982603,0.0309575495493419,185.146790701256,5.47494198982602,2021-01-17,362,5.34914626740732,0.0158245637788453,0.0158245637788435,0.0235169718923545,0.0235169718923532
28105,2021-01-10,355,"Oktibbeha","Mississippi",6.57188286243289,0.00984240143890116,-312.711320578548,6.6407796725052,0.00984240143889981,-312.71132057864,6.64077967250519,2021-01-17,362,6.5606264621724,0.00642453712665482,0.00642453712665326,0.0122173104649314,0.0122173104649299
28107,2021-01-10,355,"Panola","Mississippi",6.41766555369533,0.00280243060570099,-1935.0354929895,6.43728256793523,0.00280243060570307,-1935.0354929878,6.43728256793525,2021-01-17,362,6.42833603304099,8.00404866138841e-05,8.00404866141384e-05,0.00139173416701576,0.00139173416701797
28109,2021-01-10,355,"Pearl River","Mississippi",6.6627677324831,0.0161917060867479,-56.4926306583741,6.77610967509034,0.0161917060867482,-56.4926306583654,6.77610967509034,2021-01-17,362,6.72366072278181,0.00275089259826263,0.00275089259826291,0.0078006542077322,0.0078006542077326
28111,2021-01-10,355,"Perry","Mississippi",5.17291610000676,0.0122201113347746,-68.3116997294653,5.25845687935018,0.0122201113347744,-68.3116997294737,5.25845687935018,2021-01-17,362,5.19057305953494,0.00460821299270903,0.00460821299270879,0.0130782900147311,0.0130782900147307
28113,2021-01-10,355,"Pike","Mississippi",6.10095936190426,0.0206993160131495,60.2579245599931,6.24585457399631,0.0206993160131494,60.2579245599919,6.24585457399631,2021-01-17,362,6.19236248947487,0.00286140310644859,0.00286140310644849,0.00863839683357644,0.0086383968335763
28115,2021-01-10,355,"Pontotoc","Mississippi",6.58794348325403,-0.00451379433830237,1814.51343581412,6.55634692288591,0,354,6.58794348325403,2021-01-17,362,6.50021659392706,0.00315061382902881,0.00769600711098602,0.00863514748282258,0.0134959947963777
28117,2021-01-10,355,"Prentiss","Mississippi",6.16571792925243,0.012681329364399,-131.204383789748,6.25448723480322,0.0126813293643995,-131.204383789728,6.25448723480322,2021-01-17,362,6.13926859901922,0.0132753340319249,0.0132753340319257,0.0187674857233648,0.0187674857233653
28119,2021-01-10,355,"Quitman","Mississippi",4.33261127511053,0.00564441761967731,-412.592259652507,4.37212219844827,0.00564441761967682,-412.592259652573,4.37212219844827,2021-01-17,362,4.47895887485007,0.0114140754245833,0.011414075424584,0.0238530157090084,0.0238530157090092
28121,2021-01-10,355,"Rankin","Mississippi",7.61163042289706,0.0166023265475794,-103.467697348528,7.72784670873011,0.016602326547579,-103.467697348539,7.72784670873011,2021-01-17,362,7.72766096787917,3.44996637078441e-08,3.44996637068543e-08,2.40358436675547e-05,2.40358436672099e-05
28123,2021-01-10,355,"Scott","Mississippi",5.96174144565578,0.0264693924839883,129.768482153033,6.14702719304369,0.0264693924839881,129.768482153031,6.14702719304369,2021-01-17,362,5.98429605762937,0.0264814224332351,0.0264814224332345,0.0271930288620762,0.0271930288620759
28125,2021-01-10,355,"Sharkey","Mississippi",3.81928095372953,-0.00625002034517103,966.08296338274,3.77553081131333,0,354,3.81928095372953,2021-01-17,362,3.79388276312392,0.000336794135258051,0.000645068086038986,0.00483724800064045,0.00669451118850564
28127,2021-01-10,355,"Simpson","Mississippi",6.08221891037645,0.0134626889668194,-96.78336403425,6.17645773314418,0.0134626889668183,-96.783364034285,6.17645773314417,2021-01-17,362,6.07106759770695,0.0111070806474783,0.0111070806474768,0.0173594073432882,0.017359407343287
28129,2021-01-10,355,"Smith","Mississippi",5.41292074928704,0.00510856794272282,-704.576932317748,5.4486807248861,0.00510856794272208,-704.576932317903,5.44868072488609,2021-01-17,362,5.39557370330785,0.0028203557409131,0.00282035574091253,0.00984270153620467,0.00984270153620368
28131,2021-01-10,355,"Stone","Mississippi",5.66988092298052,0.0264552488652181,140.680302919585,5.85506766503705,0.0264552488652177,140.680302919582,5.85506766503704,2021-01-17,362,5.73611136177156,0.0141506020865899,0.0141506020865893,0.0207381439729834,0.0207381439729829
28133,2021-01-10,355,"Sunflower","Mississippi",6.09001622083648,0.0402827656045204,203.818318964846,6.37199558006812,0.0402827656045188,203.81831896484,6.37199558006811,2021-01-17,362,6.18767726860565,0.0339732399403746,0.0339732399403703,0.0297879646046893,0.0297879646046874
28135,2021-01-10,355,"Tallahatchie","Mississippi",5.22881416078107,0.0216726748988969,113.737018611062,5.38052288507334,0.0216726748988965,113.737018611057,5.38052288507334,2021-01-17,362,5.38252720383985,4.01729371776803e-06,4.01729371778227e-06,0.000372375036967042,0.000372375036967702
28137,2021-01-10,355,"Tate","Mississippi",5.94167388260497,-0.00785197528268684,1111.71072165828,5.88671005562616,0,354,5.94167388260497,2021-01-17,362,5.95657728810754,0.00488143017460736,0.000222111495574129,0.0117294259945007,0.00250200824764386
28139,2021-01-10,355,"Tippah","Mississippi",6.14602330692458,-0.00488401459242296,1613.39577065545,6.11183520477762,0,354,6.14602330692458,2021-01-17,362,6.22370941266854,0.0125158383912204,0.00603513102566135,0.0179754870404449,0.0124822835696386
28141,2021-01-10,355,"Tishomingo","Mississippi",5.74939298590825,0.00182149412839167,-2801.41587655559,5.76214344480699,0.00182149412839205,-2801.41587655492,5.762143444807,2021-01-17,362,5.79039694749297,0.000798260414026493,0.000798260414026342,0.0048793723370225,0.00487937233702204
28143,2021-01-10,355,"Tunica","Mississippi",4.76583024600086,0.0333982804018425,212.303124931607,4.99961820881376,0.0333982804018405,212.303124931599,4.99961820881375,2021-01-17,362,4.90315613357815,0.00930493195876126,0.00930493195875852,0.019673465948803,0.0196734659488001
28145,2021-01-10,355,"Union","Mississippi",6.70283748210123,0.00474559287660605,-1057.43415867881,6.73605663223747,0.00474559287660625,-1057.43415867875,6.73605663223747,2021-01-17,362,6.67076632084587,0.00426282476161136,0.00426282476161159,0.00978752788679837,0.00978752788679864
28147,2021-01-10,355,"Walthall","Mississippi",5.10421237121375,0.00871085647425277,-230.959875047946,5.16518836653352,0.00871085647425129,-230.959875048046,5.16518836653351,2021-01-17,362,5.12651175148206,0.00149588055183897,0.00149588055183815,0.00754443117004085,0.00754443117003877
28149,2021-01-10,355,"Warren","Mississippi",6.71849542204131,0.0297849628044246,129.433311662781,6.92699016167228,0.0297849628044231,129.43331166277,6.92699016167227,2021-01-17,362,6.86380339145295,0.0039925679307503,0.00399256793074896,0.00920579547747704,0.00920579547747549
28151,2021-01-10,355,"Washington","Mississippi",6.7291411269765,-0.000512251355861022,13491.4047161296,6.72555536748548,0,354,6.7291411269765,2021-01-17,362,6.63744524461459,0.0077633937523222,0.00840813484212945,0.0132747042911387,0.0138149361663375
28153,2021-01-10,355,"Wayne","Mississippi",5.77897829026776,0.0146832448905399,-38.576374524069,5.88176100450154,0.0146832448905387,-38.5763745241005,5.88176100450153,2021-01-17,362,5.92310922744371,0.00170967554047567,0.00170967554047633,0.00698083073507972,0.00698083073508106
28155,2021-01-10,355,"Webster","Mississippi",5.42432049275177,-0.00940151080247371,931.962640017871,5.35850991713445,0,354,5.42432049275177,2021-01-17,362,5.41482975400297,0.00317192402489606,9.00741219980142e-05,0.0104010355684552,0.00175273077455224
28157,2021-01-10,355,"Wilkinson","Mississippi",4.12482757894718,0.0139537147738661,59.3921532155314,4.22250358236424,0.0139537147738658,59.3921532155247,4.22250358236424,2021-01-17,362,4.21950770517611,8.97528012637097e-06,8.97528012636033e-06,0.000710006331889652,0.000710006331889231
28159,2021-01-10,355,"Winston","Mississippi",5.80771339750443,-0.0241690797790826,595.29518089186,5.63852983905086,0,354,5.80771339750443,2021-01-17,362,5.57865107723005,0.00358546611719301,0.0524695465694852,0.0107335556556333,0.0410605211014777
28161,2021-01-10,355,"Yalobusha","Mississippi",5.38318358719128,0.0172075721694287,42.1619346304332,5.50363659237728,0.0172075721694283,42.1619346304248,5.50363659237728,2021-01-17,362,5.3942766862648,0.0119595890649302,0.0119595890649294,0.0202733216097233,0.0202733216097226
28163,2021-01-10,355,"Yazoo","Mississippi",5.93791306583684,-0.00713350124676599,1187.39812546873,5.88797855710948,0,354,5.93791306583684,2021-01-17,362,5.95324333428778,0.00425949114013412,0.000235017130778056,0.0109628942600774,0.0025751120171169
29001,2021-01-10,355,"Adair","Missouri",5.819658932042,-0.0176549352387226,684.633547410457,5.69607438537095,0,354,5.819658932042,2021-01-17,362,5.82684256741343,0.0171003174346958,5.16046171495784e-05,0.0224423743270158,0.00123285214733597
29003,2021-01-10,355,"Andrew","Missouri",5.16967197712914,-0.00728453241462627,1064.67794264313,5.11868025022676,0,354,5.16967197712914,2021-01-17,362,5.08494732706081,0.00113791010531968,0.00717826632920117,0.00663387858246412,0.0166618540210727
29007,2021-01-10,355,"Audrain","Missouri",5.52031740716017,-0.0512932943875553,462.622594202089,5.16126434644728,0,354,5.52031740716017,2021-01-17,362,5.16560196744084,1.88149558837739e-05,0.125823043175275,0.000839712587400365,0.0686687518618591
29009,2021-01-10,355,"Barry","Missouri",5.43059797727091,0.0106952891167475,-152.756070732791,5.50546500108814,0.0106952891167467,-152.756070732832,5.50546500108813,2021-01-17,362,5.51573024315326,0.000105375194655608,0.000105375194655735,0.00186108486321773,0.00186108486321886
29011,2021-01-10,355,"Barton","Missouri",4.61512051684126,0.0374683597470594,231.826192873216,4.87739903507068,0.0374683597470602,231.826192873218,4.87739903507068,2021-01-17,362,4.8497956261182,0.000761948185797457,0.000761948185797751,0.00569166436701307,0.00569166436701417
29013,2021-01-10,355,"Bates","Missouri",5.35321131365549,0,354,5.35321131365549,0,354,5.35321131365549,2021-01-17,362,5.29903139728169,0.00293546333827114,0.00293546333827114,0.0102244943107123,0.0102244943107123
29015,2021-01-10,355,"Benton","Missouri",5.24551918098107,-0.0127199619995606,767.384815391921,5.15647944698414,0,354,5.24551918098107,2021-01-17,362,5.18898070251057,0.00105633161079407,0.00319659954775893,0.00626351443371173,0.010895873720082
29017,2021-01-10,355,"Bollinger","Missouri",4.15440880296475,0.0226767086710311,171.798422415159,4.31314576366197,0.02267670867103,171.79842241515,4.31314576366196,2021-01-17,362,4.27069595202955,0.00180198650762767,0.00180198650762699,0.0099397878259733,0.00993978782597143
29019,2021-01-10,355,"Boone","Missouri",7.732619707601,0.00231938671600032,-2978.90704286501,7.748855414613,0.00231938671600052,-2978.90704286472,7.748855414613,2021-01-17,362,7.72020814490262,0.000820666061859033,0.000820666061859135,0.00371068618522817,0.0037106861852284
29021,2021-01-10,355,"Buchanan","Missouri",7.07387486119981,0.00692044284457622,-667.17083791738,7.12231796111185,0.00692044284457616,-667.17083791739,7.12231796111185,2021-01-17,362,7.14124512235049,0.000358237432553608,0.000358237432553608,0.00265040072345447,0.00265040072345447
29023,2021-01-10,355,"Butler","Missouri",5.80642501424698,0.00387513940259274,-1143.37835778555,5.83355099006513,0.00387513940259332,-1143.37835778532,5.83355099006513,2021-01-17,362,5.82135384770199,0.000148770281826519,0.000148770281826628,0.00209524153353902,0.00209524153353978
29025,2021-01-10,355,"Caldwell","Missouri",4.57176112385696,-0.0219146827053973,563.616350294271,4.41835834491918,0,354,4.57176112385696,2021-01-17,362,4.32507828280299,0.00870116998840101,0.0608524240704606,0.02156725405112,0.0570354626955111
29027,2021-01-10,355,"Callaway","Missouri",6.36548812938133,-0.00807541400554455,1143.25532969713,6.30896023134251,0,354,6.36548812938133,2021-01-17,362,6.2709884318583,0.00144185755606947,0.00893019283194372,0.00605515380817936,0.0150693464913671
29029,2021-01-10,355,"Camden","Missouri",6.14019238661379,0.0176995770994017,8.08818667642876,6.2640894263096,0.0176995770994006,8.08818667640823,6.26408942630959,2021-01-17,362,6.16781593691543,0.00926858476012862,0.00926858476012725,0.0156090081771009,0.0156090081770997
29031,2021-01-10,355,"Cape Girardeau","Missouri",7.12666129317598,-0.0176331285049108,759.163180186159,7.0032293936416,0,354,7.12666129317598,2021-01-17,362,7.06402615857615,0.00369624662650696,0.00392316008633829,0.00860653168175762,0.00886677557440567
29033,2021-01-10,355,"Carroll","Missouri",4.79342647830186,-0.0222361414468744,570.569166519025,4.63777348817374,0,354,4.79342647830186,2021-01-17,362,4.65531996967356,0.000307879013023489,0.0190734077254992,0.00376912470337659,0.0296663837347331
29035,2021-01-10,355,"Carter","Missouri",3.70306408910589,0.0106195688274632,6.29807534846123,3.77740107089814,0.0106195688274617,6.29807534841398,3.77740107089813,2021-01-17,362,3.67810735713203,0.00985924159346611,0.00985924159346408,0.0269958715515942,0.0269958715515914
29037,2021-01-10,355,"Cass","Missouri",6.92993602868328,-0.00473934536389359,1817.21376510743,6.89676061113603,0,354,6.92993602868328,2021-01-17,362,6.95858417984142,0.00382215364747039,0.000820716564779473,0.00888450396051707,0.00411695115238083
29039,2021-01-10,355,"Cedar","Missouri",4.47571211875121,0.0197050710793339,127.864959444618,4.61364761630654,0.0197050710793336,127.864959444614,4.61364761630654,2021-01-17,362,4.67416305747504,0.00366211861981814,0.00366211861981835,0.0129467971964995,0.0129467971964999
29041,2021-01-10,355,"Chariton","Missouri",4.19827548507033,-0.00214362354325109,2313.4947638255,4.18327012026758,0,354,4.19827548507033,2021-01-17,362,4.16111273868694,0.000490949558509886,0.00138106971875637,0.0053248693251285,0.00893096359487719
29043,2021-01-10,355,"Christian","Missouri",7.37444986795942,-0.0185494557561579,752.556131290337,7.24460367766632,0,354,7.37444986795942,2021-01-17,362,7.30191866733186,0.00328500804036173,0.00526077506447517,0.00784930540543664,0.00993317016143399
29045,2021-01-10,355,"Clark","Missouri",3.76782265645406,0.0132892321186838,71.4755177120619,3.86084728128484,0.0132892321186833,71.4755177120511,3.86084728128484,2021-01-17,362,3.86523084392139,1.92156213885069e-05,1.92156213885381e-05,0.00113410112191308,0.00113410112191399
29047,2021-01-10,355,"Clay","Missouri",7.21964204013074,0.00966800300592588,-391.756288315751,7.28731806117222,0.00966800300592663,-391.756288315693,7.28731806117222,2021-01-17,362,7.31578851519601,0.000810566752320924,0.00081056675232062,0.00389164530448847,0.00389164530448774
29049,2021-01-10,355,"Clinton","Missouri",5.37527840768417,-0.0033014226090571,1983.17035084744,5.35216844942077,0,354,5.37527840768417,2021-01-17,362,5.35456266521249,5.73226925733126e-06,0.000429141986152882,0.000447135637664079,0.00386880194833911
29051,2021-01-10,355,"Cole","Missouri",6.70668767936713,0.00157328937268097,-3907.84432846488,6.71770070497589,0.00157328937268186,-3907.84432846245,6.7177007049759,2021-01-17,362,6.66440902035041,0.00284000365022234,0.002840003650223,0.0079964606708195,0.00799646067082043
29053,2021-01-10,355,"Cooper","Missouri",5.14998307204222,-0.0350056091988197,502.118795813325,4.90494380765048,0,354,5.14998307204222,2021-01-17,362,4.93550115458722,0.000933751451812494,0.0460024929151712,0.00619133619457109,0.0434569683477124
29055,2021-01-10,355,"Crawford","Missouri",5.90341366898525,-0.00038993956430931,15494.3041622791,5.90068409203508,0,354,5.90341366898525,2021-01-17,362,5.76921345457679,0.0172845285136891,0.0180096975472754,0.0227883122185387,0.0232614403098559
29057,2021-01-10,355,"Dade","Missouri",4.79814903725603,-0.00937873228643079,866.598891056739,4.73249791125102,0,354,4.79814903725603,2021-01-17,362,4.57176112385696,0.0258363148217616,0.0512514873331848,0.0351586145993668,0.0495187537725239
29059,2021-01-10,355,"Dallas","Missouri",4.16777203077692,-0.0088106296821539,828.039065439195,4.10609762300184,0,354,4.16777203077692,2021-01-17,362,4.2257904483556,0.0143263724411659,0.00336613677833447,0.0283243636466492,0.0137296011924255
29061,2021-01-10,355,"Daviess","Missouri",4.37485814519527,0.0163194918286019,86.9243643648389,4.48909458799548,0.0163194918286012,86.9243643648267,4.48909458799548,2021-01-17,362,4.38202663467388,0.0114635466284765,0.0114635466284754,0.0244334328035341,0.0244334328035329
29063,2021-01-10,355,"DeKalb","Missouri",4.64713438508712,-0.00410116774422137,1488.1246793392,4.61842621087757,0,354,4.64713438508712,2021-01-17,362,4.73745079671096,0.0141668520328099,0.00815705420860681,0.0251241840687873,0.0190643482116042
29065,2021-01-10,355,"Dent","Missouri",4.62777001790533,-0.0289077252286911,515.087657582695,4.42541594130449,0,354,4.62777001790533,2021-01-17,362,4.48380932898382,0.00340978772466875,0.0207246799547545,0.0130231647679286,0.0321067820593816
29067,2021-01-10,355,"Douglas","Missouri",4.81681935787657,-0.00920604890772179,878.223307431742,4.75237701552252,0,354,4.81681935787657,2021-01-17,362,4.76461296039711,0.00014971834697415,0.002725507937783,0.0025680878963936,0.0109571119235476
29069,2021-01-10,355,"Dunklin","Missouri",5.45409936810738,-0.0259441399148509,565.224713018347,5.27249038870342,0,354,5.45409936810738,2021-01-17,362,5.44365380462232,0.0292969149490252,0.000109109796520423,0.0314427445355835,0.00191885153978577
29071,2021-01-10,355,"Franklin","Missouri",7.11453713334626,0.00722866619760008,-629.21160126446,7.16513779672946,0.00722866619760154,-629.211601264262,7.16513779672947,2021-01-17,362,7.15126152481523,0.000192550922237439,0.000192550922237711,0.00194039497312063,0.001940394973122
29073,2021-01-10,355,"Gasconade","Missouri",4.86423230105983,0.00552793005251538,-524.93738250115,4.90292781142743,0.00552793005251484,-524.937382501236,4.90292781142743,2021-01-17,362,4.91789324239764,0.00022396412412409,0.000223964124124196,0.00304305730778995,0.00304305730779067
29075,2021-01-10,355,"Gentry","Missouri",4.63611498983751,-0.0232727820553827,554.207597046406,4.47320551544983,0,354,4.63611498983751,2021-01-17,362,4.53106221383437,0.00334739754795929,0.0110360857459662,0.0127689039907436,0.0231850217554708
29077,2021-01-10,355,"Greene","Missouri",8.38793022709676,0.00688409106820129,-863.451374915991,8.43611886457417,0.00688409106820309,-863.451374915673,8.43611886457418,2021-01-17,362,8.37398245162731,0.00386093381390199,0.00386093381390354,0.00742017472639667,0.00742017472639816
29079,2021-01-10,355,"Grundy","Missouri",4.68345310438213,0.017322218604358,84.6274102438667,4.80470863461264,0.0173222186043587,84.6274102438779,4.80470863461264,2021-01-17,362,4.77068462446567,0.00115763326648142,0.00115763326648178,0.00713189255321719,0.00713189255321831
29081,2021-01-10,355,"Harrison","Missouri",4.74988876800318,-0.0244212380767959,549.498278632169,4.57894010146561,0,354,4.74988876800318,2021-01-17,362,4.77310300532994,0.0376992332370303,0.000538900814663234,0.0406785488700995,0.00486355255707652
29083,2021-01-10,355,"Henry","Missouri",5.29114887706943,-0.0121560309896472,790.269446217742,5.2060566601419,0,354,5.29114887706943,2021-01-17,362,5.21803653528724,0.000143517408497944,0.00534541452087579,0.00229585880902249,0.0140114660539006
29085,2021-01-10,355,"Hickory","Missouri",3.57954279007647,-0.0118813278867533,656.274640696294,3.4963734948692,0,354,3.57954279007647,2021-01-17,362,3.56347818757266,0.00450303978282663,0.000258071453605334,0.0188312343085158,0.00450812427022322
29087,2021-01-10,355,"Holt","Missouri",3.12299405316492,0.00630916919326349,-139.99291546967,3.16715823751776,0.00630916919326285,-139.992915469719,3.16715823751776,2021-01-17,362,3.19575340744735,0.000817683743301753,0.000817683743302007,0.00894786495821161,0.008947864958213
29089,2021-01-10,355,"Howard","Missouri",4.24645234041956,-0.00611622701743406,1049.29279330463,4.20363875129752,0,354,4.24645234041956,2021-01-17,362,4.19397440317094,9.33996247117285e-05,0.00275393389786988,0.00230434122804206,0.0125126985059663
29091,2021-01-10,355,"Howell","Missouri",5.90885903444382,0.0223582563112129,90.7191476742992,6.06536682862231,0.0223582563112128,90.7191476742982,6.06536682862231,2021-01-17,362,5.98213545181946,0.00692746208449738,0.00692746208449724,0.0139133220023514,0.0139133220023513
29093,2021-01-10,355,"Iron","Missouri",4.7349445297349,-0.0149442382682779,671.840808125078,4.63033486185696,0,354,4.7349445297349,2021-01-17,362,4.4724547868809,0.0249261180744459,0.0689008651035614,0.0353005413132784,0.0586903066351769
29095,2021-01-10,355,"Jackson","Missouri",8.2409502043445,0.00763679943030431,-724.110467618516,8.29440780035663,0.00763679943030482,-724.110467618444,8.29440780035663,2021-01-17,362,8.30013820994258,3.28375940227967e-05,3.28375940227559e-05,0.000690399297097237,0.000690399297096809
29097,2021-01-10,355,"Jasper","Missouri",6.63331843328038,0.0155335572680353,-72.0315111227169,6.74205333415662,0.0155335572680331,-72.0315111227782,6.74205333415661,2021-01-17,362,6.71469050565565,0.000748724383573602,0.000748724383572727,0.00407506920504002,0.00407506920503764
29099,2021-01-10,355,"Jefferson","Missouri",7.99487318822451,0.0115305768576693,-338.362811497756,8.0755872262282,0.0115305768576706,-338.362811497677,8.07558722622821,2021-01-17,362,8.04168874609947,0.00114910695503804,0.00114910695503877,0.00421534346814581,0.00421534346814714
29101,2021-01-10,355,"Johnson","Missouri",6.01266675475859,-0.0045351551653911,1680.79074706037,5.98092066860085,0,354,6.01266675475859,2021-01-17,362,5.97235453703996,7.33786099184497e-05,0.00162507489739393,0.00143429722863272,0.00674980319212698
29105,2021-01-10,355,"Laclede","Missouri",5.86808552594748,-0.00965025583216114,963.075643589787,5.80053373512235,0,354,5.86808552594748,2021-01-17,362,5.74254520749463,0.00336266933643076,0.0157603715572423,0.0100980533077977,0.0218614419071536
29107,2021-01-10,355,"Lafayette","Missouri",5.88411793347853,-0.0102849007863256,927.112269794747,5.81212362797425,0,354,5.88411793347853,2021-01-17,362,5.73102699676277,0.00657666359385094,0.0234368349045088,0.01415045353255,0.0267126532124582
29109,2021-01-10,355,"Lawrence","Missouri",5.71608740984658,0.0262106975063112,136.917768175753,5.89956229239076,0.0262106975063094,136.917768175738,5.89956229239075,2021-01-17,362,5.73287884914384,0.0277833702526486,0.0277833702526445,0.0290749983791845,0.0290749983791823
29111,2021-01-10,355,"Lewis","Missouri",4.3603651378927,-1.25607396694711e-15,3471423859289926,4.36036513789269,0,354,4.3603651378927,2021-01-17,362,4.39444915467244,0.00116172019984198,0.00116172019984137,0.00775615226848294,0.00775615226848092
29113,2021-01-10,355,"Lincoln","Missouri",6.37721273853242,-0.020430947417383,667.13494941045,6.23419610661074,0,354,6.37721273853242,2021-01-17,362,6.21231976790418,0.000478574195204112,0.0271896917626059,0.00352144440786566,0.0265428981103254
29115,2021-01-10,355,"Linn","Missouri",3.87417278129705,0.0770797425428828,304.73811985501,4.41373097909723,0.0770797425428782,304.738119855007,4.4137309790972,2021-01-17,362,4.30983989269805,0.0107933578332006,0.010793357833194,0.0241055558873988,0.0241055558873914
29117,2021-01-10,355,"Livingston","Missouri",5.19928598594186,0.00871292640691878,-241.732457399525,5.26027647079029,0.00871292640692012,-241.732457399433,5.2602764707903,2021-01-17,362,5.25451474388964,3.3197496877628e-05,3.31974968777406e-05,0.00109652882929793,0.00109652882929979
29119,2021-01-10,355,"McDonald","Missouri",5.73611136177156,0.018613845933396,46.8363146285561,5.86640828330533,0.0186138459333955,46.8363146285493,5.86640828330533,2021-01-17,362,5.83648018653215,0.000895690976465125,0.000895690976464966,0.00512776464867386,0.00512776464867341
29121,2021-01-10,355,"Macon","Missouri",5.13915414489724,-0.00750942202213102,1039.36081095877,5.08658819074232,0,354,5.13915414489724,2021-01-17,362,5.12651175148206,0.00159389070213935,0.000159830111264232,0.00778766589741918,0.00246608103678431
29123,2021-01-10,355,"Madison","Missouri",5.26120870715244,-0.0205436425209018,611.099116882485,5.11740320950613,0,354,5.26120870715244,2021-01-17,362,5.0998664278242,0.000307538711759756,0.0260313310988335,0.00343867470454793,0.0316365696262128
29125,2021-01-10,355,"Maries","Missouri",4.07268306544092,-0.0168882180285229,596.155286991349,3.95446553924126,0,354,4.07268306544092,2021-01-17,362,3.97029191355212,0.000250474123827498,0.0104839479851151,0.00398619916506393,0.0257893258526656
29127,2021-01-10,355,"Marion","Missouri",5.64241352827991,-0.0135782825399449,770.546922939698,5.54736555050029,0,354,5.64241352827991,2021-01-17,362,5.55958212568211,0.000149244709172994,0.00686104125631825,0.0021973909019859,0.014898854037098
29129,2021-01-10,355,"Mercer","Missouri",3.36729582998647,-0.00980400009662252,698.461423582248,3.29866782931012,0,354,3.36729582998647,2021-01-17,362,3.40594798442075,0.011509031680562,0.00149398904241125,0.0314978841724385,0.0113484276950434
29131,2021-01-10,355,"Miller","Missouri",5.70330617076532,-0.0235415768218803,597.265257502398,5.53851513301216,0,354,5.70330617076532,2021-01-17,362,5.53056223210859,6.3248632781961e-05,0.02984046834264,0.00143799139577444,0.0312344263398459
29133,2021-01-10,355,"Mississippi","Missouri",4.55987391107292,-0.0538311773650188,439.706932567224,4.18305566951778,0,354,4.55987391107292,2021-01-17,362,4.29825675160842,0.0132712893148542,0.0684435381262697,0.0268018149561518,0.0608658753031899
29135,2021-01-10,355,"Moniteau","Missouri",5.08935845022578,-0.00175901540518385,3248.2995329247,5.07704534238949,0,354,5.08935845022578,2021-01-17,362,5.08229128300269,2.75198929171763e-05,4.99448525591393e-05,0.00103219991163048,0.00139054745774354
29137,2021-01-10,355,"Monroe","Missouri",4.43928424994241,-0.0134005355374835,686.276629767893,4.34548050118003,0,354,4.43928424994241,2021-01-17,362,4.30983989269805,0.00127025297296542,0.0167558416224052,0.00826958990805181,0.0300346092818135
29139,2021-01-10,355,"Montgomery","Missouri",4.57618264911484,-0.0332640936405072,492.571241187892,4.34333399363129,0,354,4.57618264911484,2021-01-17,362,4.34380542185368,2.22244568871754e-07,0.0539991757495822,0.000108528853531184,0.0534962330706768
29141,2021-01-10,355,"Morgan","Missouri",5.1793729424554,-0.0214890879419236,596.023395523029,5.02894932686194,0,354,5.1793729424554,2021-01-17,362,5.07159599388594,0.00181873820825631,0.0116158706429442,0.00840892434559399,0.0212510911159704
29143,2021-01-10,355,"New Madrid","Missouri",5.07428055925661,0.00268456537067294,-1535.16837313395,5.09307251685132,0.00268456537067241,-1535.16837313432,5.09307251685132,2021-01-17,362,4.97179546077999,0.0147081243293294,0.0147081243293285,0.0243930099353498,0.0243930099353491
29145,2021-01-10,355,"Newton","Missouri",6.0466965033449,0.0129253500124711,-112.816848093917,6.13717395343219,0.0129253500124706,-112.816848093934,6.13717395343219,2021-01-17,362,6.05945691826135,0.00603993755574631,0.0060399375557459,0.0128257426728507,0.0128257426728502
29147,2021-01-10,355,"Nodaway","Missouri",5.25898236114936,-0.00296736122780442,2127.2757552644,5.23821083255473,0,354,5.25898236114936,2021-01-17,362,5.15494175988874,0.00693373846265424,0.0108244467106719,0.0161532518784052,0.0201826918919194
29149,2021-01-10,355,"Oregon","Missouri",4.59078144853599,0.0429377577396207,248.08287879458,4.89134575271334,0.0429377577396197,248.082878794577,4.89134575271333,2021-01-17,362,4.75727796418555,0.0179741719207326,0.0179741719207307,0.028181617626109,0.0281816176261075
29151,2021-01-10,355,"Osage","Missouri",5.09111746563097,-0.0035087755296759,1805.96698907417,5.06655603692323,0,354,5.09111746563097,2021-01-17,362,5.05351231845265,0.000170138591539856,0.00141414709430273,0.00258111935790788,0.00744138824813024
29153,2021-01-10,355,"Ozark","Missouri",4.11087386417331,0.0553691352674775,280.755136967293,4.49845781104565,0.0553691352674752,280.75513696729,4.49845781104564,2021-01-17,362,4.63195120866574,0.0178204872081534,0.0178204872081577,0.0288201217168123,0.0288201217168157
29155,2021-01-10,355,"Pemiscot","Missouri",4.60944674275535,0.0157709361929905,62.7252303636828,4.71984329610628,0.0157709361929905,62.7252303636838,4.71984329610628,2021-01-17,362,4.55687989686031,0.0265570694938014,0.0265570694938014,0.0357620571387567,0.0357620571387567
29157,2021-01-10,355,"Perry","Missouri",5.15987598042596,-0.0283075917115924,537.278875327741,4.96172283844481,0,354,5.15987598042596,2021-01-17,362,4.9894602969598,0.000769366604870674,0.0290415051712382,0.00555921018790128,0.0341551336865027
29159,2021-01-10,355,"Pettis","Missouri",6.28386760102657,0.026747508367027,120.067178789146,6.47110015959576,0.0267475083670279,120.067178789154,6.47110015959577,2021-01-17,362,6.35287824539389,0.0139764209975555,0.013976420997557,0.0186091893524941,0.0186091893524951
29161,2021-01-10,355,"Phelps","Missouri",6.10511205913536,-0.0114105833925161,890.039432176584,6.02523797538775,0,354,6.10511205913536,2021-01-17,362,6.02137002988689,1.49610023976669e-05,0.00701272746265299,0.00064236967362365,0.0139074710294879
29163,2021-01-10,355,"Pike","Missouri",5.18418836107026,-0.0166736693270591,665.920665354508,5.06747267578085,0,354,5.18418836107026,2021-01-17,362,5.08494732706081,0.000305363437356291,0.00984878283126509,0.0034365451903438,0.0195166296966963
29165,2021-01-10,355,"Platte","Missouri",6.27368530512177,-0.00349509698445605,2149.99605676841,6.24921962623057,0,354,6.27368530512177,2021-01-17,362,6.26747158797926,0.000333134107675506,3.86102807270738e-05,0.00291217303381043,0.000991423264594244
29167,2021-01-10,355,"Polk","Missouri",6.24693698553755,0.0158932663670854,-38.0555772018519,6.35818985010715,0.0158932663670841,-38.0555772018852,6.35818985010714,2021-01-17,362,6.310956699919,0.00223097047669636,0.00223097047669543,0.007484309025406,0.00748430902540445
29169,2021-01-10,355,"Pulaski","Missouri",6.19673503688748,0.0313171826560626,157.129868930343,6.41595531547992,0.0313171826560605,157.12986893033,6.4159553154799,2021-01-17,362,6.04398922588763,0.138358771806581,0.13835877180657,0.0615431423999046,0.0615431423999022
29173,2021-01-10,355,"Ralls","Missouri",4.74493212836325,-0.00124146508806466,4177.04233850845,4.7362418727468,0,354,4.74493212836325,2021-01-17,362,4.55387689160054,0.0332569863484745,0.036502103494455,0.0400460937981486,0.0419544140763014
29175,2021-01-10,355,"Randolph","Missouri",5.29402244226516,-0.00857148105014421,972.632170134248,5.23402207491415,0,354,5.29402244226516,2021-01-17,362,5.28320372873799,0.00241883507284833,0.000117044562382899,0.00930905873576659,0.0020477562635562
29177,2021-01-10,355,"Ray","Missouri",5.67381406472736,-0.0112223671077861,860.580864556716,5.59525749497285,0,354,5.67381406472736,2021-01-17,362,5.55129707414801,0.00193251859909766,0.0150104129806206,0.00791894583151886,0.0220699755287648
29179,2021-01-10,355,"Reynolds","Missouri",4.28653786749521,-0.0155948579579092,629.86867011323,4.17737386178985,0,354,4.28653786749521,2021-01-17,362,3.95124371858143,0.0511348416674594,0.112422166295817,0.0572301177335633,0.0848578758472936
29181,2021-01-10,355,"Ripley","Missouri",4.4274096405217,-0.00170503025108311,2951.67512509483,4.41547442876412,0,354,4.4274096405217,2021-01-17,362,4.58642414316704,0.0292238048544394,0.0252856120515439,0.0372729841520661,0.0346706928277099
29183,2021-01-10,355,"St. Charles","Missouri",8.38437990823634,-0.00286729204946255,3279.14576666786,8.3643088638901,0,354,8.38437990823634,2021-01-17,362,9.17220820899427,0.65270135181975,0.620673431475133,0.0880812261012507,0.0858929804913705
29185,2021-01-10,355,"St. Clair","Missouri",4.42227703729518,-0.0102389973010927,786.905284008936,4.35060405618753,0,354,4.42227703729518,2021-01-17,362,4.39797028507102,0.00224355963864293,0.000590818203686772,0.010770020216888,0.00552681138084789
29186,2021-01-10,355,"Ste. Genevieve","Missouri",5.26859426509583,-0.0203940061636863,613.34032915402,5.12583622195003,0,354,5.26859426509583,2021-01-17,362,5.05715530973115,0.00471706770321733,0.0447064318457083,0.0135809379013377,0.041809859973615
29187,2021-01-10,355,"St. Francois","Missouri",6.85946498985436,-0.00806335561883949,1205.69607668396,6.80302150052248,0,354,6.85946498985436,2021-01-17,362,6.79410654246421,7.94764771807276e-05,0.00427172664525061,0.00131216047357382,0.00961987378055475
29189,2021-01-10,355,"St. Louis","Missouri",9.32355425477526,-0.00256078823618732,3995.89233268926,9.30562873712195,0,354,9.32355425477526,2021-01-17,362,9.3390099651838,0.00111430638691716,0.000238878984232603,0.00357438617008606,0.00165496240673882
29195,2021-01-10,355,"Saline","Missouri",5.72171594252968,0.000935891504904702,-5758.6530383533,5.72826718306401,0.000935891504904696,-5758.65303835334,5.72826718306401,2021-01-17,362,5.6757748496693,0.00275544506522148,0.00275544506522148,0.00924848761359331,0.00924848761359331
29197,2021-01-10,355,"Schuyler","Missouri",3.97029191355212,-0.0107239633629769,725.226172840076,3.89522417001128,0,354,3.97029191355212,2021-01-17,362,3.90341463089155,6.70836494311074e-05,0.00447257093606254,0.00209828103205926,0.0171330204409519
29201,2021-01-10,355,"Scott","Missouri",5.82473508507386,0.0106045532487979,-194.267371139292,5.89896695781545,0.0106045532487986,-194.267371139256,5.89896695781546,2021-01-17,362,5.81071318548354,0.00778872833081172,0.00778872833081266,0.0151881136643231,0.015188113664324
29203,2021-01-10,355,"Shannon","Missouri",3.68171096463532,0.0144930073025671,100.966390013259,3.78316201575329,0.0144930073025673,100.966390013262,3.78316201575329,2021-01-17,362,3.74106520728451,0.00177214128325781,0.00177214128325792,0.0112526262271018,0.0112526262271022
29205,2021-01-10,355,"Shelby","Missouri",3.79709303875417,-6.28036983473555e-16,6045970442303219,3.79709303875417,0,354,3.79709303875417,2021-01-17,362,3.74444930526875,0.00277136267528367,0.00277136267528414,0.0140591390598728,0.014059139059874
29207,2021-01-10,355,"Stoddard","Missouri",5.04526673806589,-0.0218389025184226,586.021990862859,4.89239442043694,0,354,5.04526673806589,2021-01-17,362,5.07873888139833,0.0347242581309907,0.0011203843792668,0.0366910891292137,0.00659064073071918
29209,2021-01-10,355,"Stone","Missouri",5.61573159653347,-0.00777004686193199,1077.74102026936,5.56134126849994,0,354,5.61573159653347,2021-01-17,362,5.60475109405002,0.00188441295428833,0.000120571434788924,0.00774518347409988,0.00195914186003746
29211,2021-01-10,355,"Sullivan","Missouri",4.35119917087862,0.00925075977215034,-115.361276051944,4.41595448928368,0.00925075977215073,-115.361276051924,4.41595448928368,2021-01-17,362,4.29045944114839,0.0157490071064773,0.0157490071064779,0.0292497924422038,0.0292497924422044
29213,2021-01-10,355,"Taney","Missouri",6.17467856268496,0.0128686498297337,-124.82334156129,6.26475911149309,0.012868649829735,-124.823341561242,6.2647591114931,2021-01-17,362,6.29710931993394,0.00104653598616601,0.00104653598616544,0.00513731091477744,0.00513731091477603
29215,2021-01-10,355,"Texas","Missouri",5.4299719991597,-0.0368818692115559,502.226052129114,5.17179891467881,0,354,5.4299719991597,2021-01-17,362,5.20557531484942,0.00114084520848542,0.0503538719294467,0.00648850475263762,0.043106990243742
29217,2021-01-10,355,"Vernon","Missouri",5.81626045808289,0.00298316863040821,-1594.69214907808,5.83714263849575,0.00298316863040871,-1594.69214907776,5.83714263849575,2021-01-17,362,5.82684256741343,0.000106091464300891,0.000106091464300964,0.0017676933885129,0.00176769338851351
29219,2021-01-10,355,"Warren","Missouri",5.86037914021172,0.0118780835404311,-138.377498168281,5.94352572499474,0.0118780835404317,-138.377498168253,5.94352572499474,2021-01-17,362,5.89597577992931,0.00226099727572511,0.00226099727572554,0.00806481349996267,0.00806481349996343
29221,2021-01-10,355,"Washington","Missouri",5.4614075614141,0.0245712607305033,132.731894943665,5.63340638652762,0.0245712607305029,132.731894943661,5.63340638652762,2021-01-17,362,5.54014246880783,0.00869815834844497,0.00869815834844447,0.0168342092725759,0.0168342092725755
29223,2021-01-10,355,"Wayne","Missouri",4.65531996967356,-0.00677050656721432,1042.58813294955,4.60792642370306,0,354,4.65531996967356,2021-01-17,362,4.6388812433304,0.000958200858161025,0.000270231723785383,0.00667290624691967,0.0035436833755547
29225,2021-01-10,355,"Webster","Missouri",6.07993319509559,0.00952544564748811,-283.283332885206,6.14661131462801,0.00952544564748781,-283.283332885226,6.146611314628,2021-01-17,362,6.11683775203104,0.00088646502971545,0.000886465029715344,0.0048674762686128,0.00486747626861251
29229,2021-01-10,355,"Wright","Missouri",5.47944773797184,0.00777748461260755,-349.526978952743,5.53389013026009,0.00777748461260774,-349.526978952725,5.53389013026009,2021-01-17,362,5.53845849423082,2.08699493690144e-05,2.08699493689982e-05,0.00082484394809192,0.000824843948091599
29510,2021-01-10,355,"St. Louis city","Missouri",7.83710325001294,0.00350302635183516,-1882.23788029948,7.86162443447579,0.00350302635183564,-1882.23788029918,7.86162443447579,2021-01-17,362,7.84954665926711,0.000145872653991277,0.000145872653991363,0.00153865894846498,0.00153865894846543
30001,2021-01-10,355,"Beaverhead","Montana",4.54329478227,-0.0165791288029095,629.037003770227,4.42724088064964,0,354,4.54329478227,2021-01-17,362,4.34750912979117,0.00635715209495689,0.0383320217165633,0.0183396396598938,0.0450339830541632
30003,2021-01-10,355,"Big Horn","Montana",4.93344565540513,0.0637158143861114,277.571096313563,5.37945635610791,0.0637158143861107,277.571096313562,5.3794563561079,2021-01-17,362,5.19691725210631,0.0333205244897061,0.0333205244897042,0.0351244969174013,0.0351244969174003
30005,2021-01-10,355,"Blaine","Montana",3.52636052461616,-0.0207907696690746,524.611831632259,3.38082513693264,0,354,3.52636052461616,2021-01-17,362,3.27444567602301,0.0113165897034233,0.0634610909417102,0.0324877769964511,0.0769335861754516
30007,2021-01-10,355,"Broadwater","Montana",4.00992722040952,0.0183011643824048,135.892235235876,4.13803537108635,0.0183011643824043,135.892235235869,4.13803537108635,2021-01-17,362,4.01251454397447,0.015755478038851,0.0157554780388498,0.0312823357364211,0.03128233573642
30009,2021-01-10,355,"Carbon","Montana",3.94019388239484,0.057158413839948,286.065373972273,4.34030277927448,0.0571584138399475,286.065373972273,4.34030277927447,2021-01-17,362,4.19181690503092,0.0220480548498738,0.0220480548498725,0.0354227957965791,0.035422795796578
30013,2021-01-10,355,"Cascade","Montana",6.52670399896296,-0.0245803968912757,620.524760557446,6.35464122072403,0,354,6.52670399896296,2021-01-17,362,6.39621511427828,0.00172838862526024,0.0170273490262512,0.00649976475329076,0.0204009531188824
30015,2021-01-10,355,"Chouteau","Montana",4.23823874188217,0.004132237284911,-670.652316085098,4.26716440287655,0.00413223728491019,-670.652316085301,4.26716440287654,2021-01-17,362,4.22995712105045,0.00138438182088675,0.00138438182088635,0.00879613687829985,0.00879613687829859
30017,2021-01-10,355,"Custer","Montana",4.84306159393686,0.00791411705599028,-256.952231648013,4.89846041332879,0.00791411705599021,-256.952231648019,4.89846041332879,2021-01-17,362,4.90421601709019,3.31269746582284e-05,3.31269746582386e-05,0.00117360323063701,0.00117360323063719
30021,2021-01-10,355,"Dawson","Montana",4.59800169650948,-0.0463892026318971,454.11792907921,4.2732772780862,0,354,4.59800169650948,2021-01-17,362,4.28260085453587,8.69290778128322e-05,0.0994776911176623,0.00217708275096302,0.0736470319524541
30023,2021-01-10,355,"Deer Lodge","Montana",4.07268306544092,0.0296317976063716,217.557003137562,4.28010564868552,0.0296317976063705,217.557003137557,4.28010564868551,2021-01-17,362,4.19181690503092,0.00779490225610807,0.00779490225610666,0.0210621660379871,0.0210621660379852
30027,2021-01-10,355,"Fergus","Montana",4.32885187218663,0.0403512955235693,247.720870147573,4.61131094085161,0.0403512955235676,247.720870147569,4.6113109408516,2021-01-17,362,4.52023457518231,0.00829490438352892,0.00829490438352681,0.0201485927675848,0.0201485927675822
30029,2021-01-10,355,"Flathead","Montana",6.89813774988718,-0.0116155317576309,948.871885835566,6.81682902758376,0,354,6.89813774988718,2021-01-17,362,6.83564530949109,0.000354052464816001,0.00390530510665875,0.00275267089724523,0.0091421420460948
30031,2021-01-10,355,"Gallatin","Montana",7.1500289626109,0.0229086906546388,42.8901081514634,7.31038979719337,0.0229086906546376,42.8901081514475,7.31038979719336,2021-01-17,362,7.3580116365424,0.00226783958298531,0.00226783958298607,0.00647210709922348,0.00647210709922457
30035,2021-01-10,355,"Glacier","Montana",4.64576358295334,-0.0429596258530306,463.142552238397,4.34504620198213,0,354,4.64576358295334,2021-01-17,362,4.31367131500961,0.000984383532538343,0.110285274428012,0.00727336059735212,0.0769859926017552
30041,2021-01-10,355,"Hill","Montana",5.32021863050114,0.0204737119619143,95.1439152608025,5.46353461423454,0.0204737119619152,95.1439152608129,5.46353461423454,2021-01-17,362,5.22343986761529,0.0576454873541606,0.0576454873541631,0.0459648723263393,0.0459648723263403
30043,2021-01-10,355,"Jefferson","Montana",5.11628148323124,0.012069112017496,-68.9153200181121,5.20076526735372,0.0120691120174969,-68.9153200180778,5.20076526735372,2021-01-17,362,4.99043258677874,0.0442398365178564,0.0442398365178594,0.0421471840201226,0.042147184020124
30047,2021-01-10,355,"Lake","Montana",5.44796814105244,-0.000614817111281354,9216.1199023043,5.44366442127347,0,354,5.44796814105244,2021-01-17,362,5.67184942755319,0.0520683970908765,0.050122830445232,0.0402311466822841,0.0394723607106287
30049,2021-01-10,355,"Lewis and Clark","Montana",6.99353971310893,-0.000786369634228163,9248.450876919,6.98803512566933,0,354,6.99353971310893,2021-01-17,362,6.87005341179813,0.0139196848079865,0.0152488666114219,0.0171733328402644,0.0179745766020879
30053,2021-01-10,355,"Lincoln","Montana",5.44365380462232,0.00806205917092908,-320.218785822306,5.50008821881882,0.00806205917092839,-320.218785822364,5.50008821881882,2021-01-17,362,5.51112194006707,0.000121743004583904,0.000121743004584002,0.0020020825828629,0.00200208258286371
30057,2021-01-10,355,"Madison","Montana",4.19612725653204,0.0462128431551346,264.19997623938,4.51961715861798,0.0462128431551312,264.199976239373,4.51961715861796,2021-01-17,362,4.54481338544719,0.00063484984642895,0.000634849846430158,0.00554395190567979,0.00554395190568506
30061,2021-01-10,355,"Mineral","Montana",4.2257904483556,-0.0388994796137427,463.633598452116,3.9534940910594,0,354,4.2257904483556,2021-01-17,362,3.85922481986117,0.00888669549224507,0.134370359993514,0.0244269965079721,0.0949842638365943
30063,2021-01-10,355,"Missoula","Montana",6.83025695067596,0.0177547102735984,-29.7011213037197,6.95453992259115,0.0177547102735964,-29.7011213037615,6.95453992259114,2021-01-17,362,6.88740678844401,0.00450685770041798,0.00450685770041619,0.00974722943035389,0.00974722943035196
30067,2021-01-10,355,"Park","Montana",4.74617359345131,-1.25607396694711e-15,3778578107933673,4.7461735934513,0,354,4.74617359345131,2021-01-17,362,4.82717022660022,0.00656045458146055,0.00656045458145911,0.0167793198388955,0.0167793198388937
30071,2021-01-10,355,"Phillips","Montana",4.12943588203337,-0.0361213084139979,469.321326201825,3.87658672313538,0,354,4.12943588203337,2021-01-17,362,3.68171096463532,0.0379765612509741,0.200457601659087,0.0529307597396809,0.121607839859964
30073,2021-01-10,355,"Pondera","Montana",3.45676723281697,-0.0310446216819596,466.348344593477,3.23945488104325,0,354,3.45676723281697,2021-01-17,362,3.26357600378611,0.000581828562375986,0.0373228509744541,0.00739100995805648,0.0591961789174625
30077,2021-01-10,355,"Powell","Montana",3.69953674858792,0.0470249386448616,276.32819616146,4.02871131910196,0.0470249386448618,276.32819616146,4.02871131910196,2021-01-17,362,3.87417278129705,0.0238821596668788,0.0238821596668793,0.0398894284093258,0.0398894284093263
30081,2021-01-10,355,"Ravalli","Montana",5.71278940921299,-0.00799064181178564,1069.93498817417,5.65685491653049,0,354,5.71278940921299,2021-01-17,362,5.65198780146647,2.36888090463719e-05,0.00369683550456118,0.000861133327774207,0.0107575617432756
30083,2021-01-10,355,"Richland","Montana",4.86972984101902,-0.0626864782169973,432.683895786294,4.43092449350003,0,354,4.86972984101902,2021-01-17,362,4.5013957134859,0.00496619284629612,0.135670029505582,0.0156554154469773,0.0818266491056564
30085,2021-01-10,355,"Roosevelt","Montana",4.16777203077692,-0.0908755827364573,400.862396754732,3.53164295162172,0,354,4.16777203077692,2021-01-17,362,3.67449071666184,0.020405483976957,0.243326454855102,0.038875527537022,0.134244811635614
30087,2021-01-10,355,"Rosebud","Montana",4.06044301054642,0.0350913198112694,239.289247814429,4.30608224922531,0.0350913198112695,239.289247814429,4.30608224922531,2021-01-17,362,4.11087386417331,0.0381063135946075,0.0381063135946075,0.0474858610363249,0.0474858610363249
30089,2021-01-10,355,"Sanders","Montana",4.85870437100731,-0.023014714440227,566.112954871813,4.69760136992572,0,354,4.85870437100731,2021-01-17,362,4.72104664337389,0.000549680847059363,0.0189496499771971,0.00496611773176905,0.0291583070518117
30091,2021-01-10,355,"Sheridan","Montana",3.27444567602301,-0.037139546949456,443.166010222992,3.01446884737682,0,354,3.27444567602301,2021-01-17,362,3.18398856586776,0.0287369349572475,0.00818248877763944,0.0532413088125331,0.0284099984293126
30093,2021-01-10,355,"Silver Bow","Montana",6.1487734996435,-0.00456691309814717,1701.3740972295,6.11680510795647,0,354,6.1487734996435,2021-01-17,362,5.92425579741453,0.0370752369901759,0.0504081986141759,0.0325018562881723,0.0378980432153104
30095,2021-01-10,355,"Stillwater","Montana",4.20469261939097,0.0128757143600471,28.4400514166428,4.2948226199113,0.012875714360046,28.440051416615,4.29482261991129,2021-01-17,362,4.13630876132113,0.0251266433651421,0.0251266433651395,0.0383225401528133,0.0383225401528114
30099,2021-01-10,355,"Teton","Montana",3.74444930526875,0.0101868453069923,-12.5769281289209,3.81575722241769,0.0101868453069924,-12.5769281289165,3.81575722241769,2021-01-17,362,3.78418963391826,0.000996512643669512,0.000996512643669568,0.00834196791209605,0.00834196791209629
30105,2021-01-10,355,"Valley","Montana",3.80348283685294,0.082966297795822,309.156290712004,4.3842469214237,0.0829662977958217,309.156290712004,4.38424692142369,2021-01-17,362,4.1225154391888,0.0685033687928774,0.0685033687928755,0.0634882964286487,0.0634882964286479
30111,2021-01-10,355,"Yellowstone","Montana",7.18180919423253,-0.0190420470454725,732.155311983126,7.04851486491422,0,354,7.18180919423253,2021-01-17,362,7.0974306822247,0.0023927571831518,0.00711973328865581,0.00689204579806373,0.0118885996617276
31001,2021-01-10,355,"Adams","Nebraska",5.57757116351818,0.00378890845695774,-1117.07862815367,5.60409352271689,0.00378890845695867,-1117.07862815331,5.60409352271689,2021-01-17,362,5.62864833514717,0.000602938813486174,0.000602938813485869,0.00436247052013364,0.00436247052013253
31003,2021-01-10,355,"Antelope","Nebraska",3.80029304148484,-0.0589317783763401,419.486311904861,3.38777059285046,0,354,3.80029304148484,2021-01-17,362,3.31678003984957,0.00503965861537149,0.233784822750345,0.0214034552029277,0.145777831458849
31011,2021-01-10,355,"Boone","Nebraska",3.92902058179672,0.0198588086496042,157.152251370073,4.06803224234395,0.0198588086496034,157.152251370065,4.06803224234394,2021-01-17,362,3.87713574642771,0.0364414721530996,0.0364414721530975,0.0492364746558406,0.0492364746558392
31013,2021-01-10,355,"Box Butte","Nebraska",4.3193910636824,-0.0037950709685532,1493.15817924719,4.29282556690252,0,354,4.3193910636824,2021-01-17,362,4.24849524204936,0.00196517770158708,0.00502621752502332,0.0104343590677486,0.01668727810528
31019,2021-01-10,355,"Buffalo","Nebraska",5.89715386763674,-0.0015686277726263,4114.43481974907,5.88617347322836,0,354,5.89715386763674,2021-01-17,362,5.91658704817523,0.000924985541049143,0.000377648505841554,0.00514039169866594,0.00328452541647024
31021,2021-01-10,355,"Burt","Nebraska",3.3722098447889,0.0148150857851406,127.379998759697,3.47591544528489,0.0148150857851399,127.379998759686,3.47591544528488,2021-01-17,362,3.50512830451039,0.000853391144128951,0.000853391144129262,0.00833431951347122,0.00833431951347274
31023,2021-01-10,355,"Butler","Nebraska",4.02535169073515,0.002554279805097,-1220.92433009988,4.04323164937083,0.00255427980509637,-1220.92433010027,4.04323164937082,2021-01-17,362,4.06044301054642,0.000296230953516621,0.000296230953516774,0.00423878900181245,0.00423878900181355
31025,2021-01-10,355,"Cass","Nebraska",5.90263333340137,-0.0120273030819844,845.76948449423,5.81844221182747,0,354,5.90263333340137,2021-01-17,362,5.8813307526975,0.0039549685727605,0.00045379994464483,0.0106929100767167,0.00362206813383144
31027,2021-01-10,355,"Cedar","Nebraska",3.64133850934494,-0.0511060109335011,426.250689357912,3.28359643281043,0,354,3.64133850934494,2021-01-17,362,3.75118333745009,0.218637513390502,0.0120658862614513,0.124650506940434,0.0292827138062051
31029,2021-01-10,355,"Chase","Nebraska",4.43928424994241,0.0256205303253488,181.729416074958,4.61862796221985,0.0256205303253481,181.729416074954,4.61862796221985,2021-01-17,362,4.3658246600976,0.0639095095639154,0.0639095095639127,0.0579050515777246,0.0579050515777234
31033,2021-01-10,355,"Cheyenne","Nebraska",4.75112409861117,-0.0255955471889678,540.623071995077,4.5719552682884,0,354,4.75112409861117,2021-01-17,362,4.39797028507102,0.0302707743851521,0.124717616017955,0.0395602907568464,0.0802992723118074
31035,2021-01-10,355,"Clay","Nebraska",4.37665509087197,-0.00358423322781627,1576.08546310712,4.35156545827726,0,354,4.37665509087197,2021-01-17,362,4.33261127511053,0.000359261059517805,0.00193985770682767,0.00437477123221552,0.0101656513739088
31037,2021-01-10,355,"Colfax","Nebraska",4.35853865336667,0.020314641351178,140.44840748006,4.50074114282491,0.0203146413511783,140.448407480063,4.50074114282492,2021-01-17,362,4.38023932409979,0.0145206883160633,0.014520688316064,0.0275103275892104,0.027510327589211
31039,2021-01-10,355,"Cuming","Nebraska",5.03043792139244,-0.011142176553246,806.477132618844,4.95244268551971,0,354,5.03043792139244,2021-01-17,362,4.9638431325895,0.000129970193390905,0.00443486589570814,0.00229669769274817,0.0134159736768714
31041,2021-01-10,355,"Custer","Nebraska",4.4274096405217,0.0347257113738308,227.503414174599,4.67048962013851,0.0347257113738282,227.50341417459,4.6704896201385,2021-01-17,362,4.52488935472729,0.0211994372878193,0.0211994372878141,0.0321776410420097,0.0321776410420057
31043,2021-01-10,355,"Dakota","Nebraska",5.17534230418923,-0.00483482005458375,1425.43121476313,5.14149856380714,0,354,5.17534230418923,2021-01-17,362,5.22343986761529,0.00671437726977892,0.00231337560752385,0.0156872302323556,0.00920802472031105
31045,2021-01-10,355,"Dawes","Nebraska",3.87120101090789,-0.00297177038915738,1657.65818147732,3.85039861818379,0,354,3.87120101090789,2021-01-17,362,3.78418963391826,0.00438362959747302,0.00757097972563154,0.0174962120481721,0.0229933976378282
31047,2021-01-10,355,"Dawson","Nebraska",5.60527671824084,0.00526871608682912,-708.879060071782,5.64215773084864,0.005268716086829,-708.879060071806,5.64215773084864,2021-01-17,362,5.47227067367148,0.0288616121963174,0.0288616121963171,0.0310450756748083,0.0310450756748082
31051,2021-01-10,355,"Dixon","Nebraska",3.69953674858792,-0.0347257113738345,461.535952820695,3.45645676897108,0,354,3.69953674858792,2021-01-17,362,3.48781185449893,0.000983141388458409,0.0448274307769973,0.00898990164489493,0.0607042188402147
31053,2021-01-10,355,"Dodge","Nebraska",6.24859536071033,0.00138178825357431,-4167.10774302568,6.25826787848535,0.00138178825357294,-4167.10774303018,6.25826787848534,2021-01-17,362,6.30575377455028,0.00225491032508932,0.00225491032509024,0.00753056617221253,0.00753056617221408
31055,2021-01-10,355,"Douglas","Nebraska",8.91081703913317,-0.00396268672821506,2603.68066801408,8.88307823203567,0,354,8.91081703913317,2021-01-17,362,8.86104628563491,0.00048540666220583,0.00247712790378472,0.00248638204683279,0.00561680324127722
31057,2021-01-10,355,"Dundy","Nebraska",3.3322045101752,0.0631789016215309,302.257637840294,3.77445682152592,0.0631789016215309,302.257637840294,3.77445682152592,2021-01-17,362,3.53472877428668,0.0574695366331401,0.0574695366331404,0.0678207756654879,0.067820775665488
31059,2021-01-10,355,"Fillmore","Nebraska",3.45676723281697,-0.0266682470821642,484.621089161457,3.27008950324182,0,354,3.45676723281697,2021-01-17,362,3.65251180994306,0.146246820662701,0.0383159394742742,0.104701182802529,0.0535917711732594
31061,2021-01-10,355,"Franklin","Nebraska",3.30636327899132,0.00524935588614577,-274.860758291803,3.34310877019434,0.0052493558861455,-274.860758291836,3.34310877019434,2021-01-17,362,3.01693448120459,0.106389666797965,0.106389666797964,0.108114475478934,0.108114475478933
31063,2021-01-10,355,"Frontier","Nebraska",3.40594798442075,0.019139340210696,177.044650080605,3.53992336589562,0.0191393402106952,177.044650080598,3.53992336589562,2021-01-17,362,3.31158522297247,0.0521383075135958,0.0521383075135933,0.0689513110939059,0.0689513110939043
31065,2021-01-10,355,"Furnas","Nebraska",3.64880123054653,0.030190972279146,234.142639170091,3.86013803650055,0.0301909722791449,234.142639170087,3.86013803650054,2021-01-17,362,3.73766961828337,0.0149985134606178,0.0149985134606159,0.0327659827444636,0.0327659827444616
31067,2021-01-10,355,"Gage","Nebraska",5.29688777373844,-0.0296004697762878,533.946071253965,5.08968448530443,0,354,5.29688777373844,2021-01-17,362,5.18338739987406,0.00878023619884308,0.0128823348673554,0.0180775441503572,0.0218969498338371
31079,2021-01-10,355,"Hall","Nebraska",6.36031506697685,0.00519996219371004,-868.146405693177,6.39671480233282,0.005199962193708,-868.146405693659,6.3967148023328,2021-01-17,362,6.39645335132527,6.8356629350092e-08,6.83566293426612e-08,4.08743710290783e-05,4.08743710268566e-05
31081,2021-01-10,355,"Hamilton","Nebraska",4.44768060489532,0.0168638060520048,91.2587905020065,4.56572724725935,0.0168638060520045,91.2587905020032,4.56572724725935,2021-01-17,362,4.58787868887803,0.000490686365785763,0.000490686365785842,0.00482825356136358,0.00482825356136397
31087,2021-01-10,355,"Hitchcock","Nebraska",3.42472787907235,-0.0543119893537383,418.056572219567,3.04454395359618,0,354,3.42472787907235,2021-01-17,362,3.48343547989913,0.192625771860531,0.00344658239483648,0.125993872668386,0.0168533624823961
31089,2021-01-10,355,"Holt","Nebraska",4.59078144853599,-0.0285733724440513,515.666419671849,4.39076784142763,0,354,4.59078144853599,2021-01-17,362,4.34935585238433,0.00171495283652246,0.058286318477184,0.00952140741038664,0.0555083567189171
31093,2021-01-10,355,"Howard","Nebraska",3.99426110366512,-0.0512932943875492,432.871019035866,3.63520804295227,0,354,3.99426110366512,2021-01-17,362,3.68887945411394,0.00288062037608423,0.0932579518826011,0.0145495161414957,0.0827843938382461
31095,2021-01-10,355,"Jefferson","Nebraska",4.00733318523247,-0.0555698511548142,427.113441046806,3.61834422714877,0,354,4.00733318523247,2021-01-17,362,3.76451686831956,0.0213664410268426,0.0589597637591536,0.0388290572957463,0.0645013225883901
31097,2021-01-10,355,"Johnson","Nebraska",4.80402104473326,-0.0591081122544119,436.275156006605,4.39026425895237,0,354,4.80402104473326,2021-01-17,362,4.6525988795592,0.0688194531689294,0.0229286721059983,0.0563845341921425,0.0325457167260461
31099,2021-01-10,355,"Kearney","Nebraska",3.76782265645406,-0.0228394919698222,519.969635114147,3.6079462126653,0,354,3.76782265645406,2021-01-17,362,3.6959969218828,0.0077529273937047,0.00515893614670043,0.0238232636764874,0.0194333859278936
31101,2021-01-10,355,"Keith","Nebraska",4.6037405931785,-0.0240294247268309,546.587632476196,4.43553462009068,0,354,4.6037405931785,2021-01-17,362,4.43251603459627,9.11185838704791e-06,0.0293178494616776,0.000681009492317049,0.0386292022963477
31105,2021-01-10,355,"Kimball","Nebraska",4.00733318523247,-0.0893894993945951,399.830021561512,3.38160668947031,0,354,4.00733318523247,2021-01-17,362,3.73426245996176,0.124366092460918,0.0745676209998749,0.094437864042117,0.0731257452304284
31107,2021-01-10,355,"Knox","Nebraska",4.6037405931785,0.00143163947143923,-2860.71225509056,4.61376206947857,0.00143163947143865,-2860.71225509186,4.61376206947857,2021-01-17,362,4.65667774313402,0.00184175504530089,0.00184175504530127,0.00921594235691404,0.00921594235691499
31109,2021-01-10,355,"Lancaster","Nebraska",8.11282747875137,-0.00115520389357465,7377.85330224009,8.10474105149635,0,354,8.11282747875137,2021-01-17,362,8.13543065893522,0.000941852004751703,0.000510903754423278,0.00377233962472034,0.00277836308014227
31111,2021-01-10,355,"Lincoln","Nebraska",5.83104425426713,-0.0256636601202325,582.210157356709,5.6513986334255,0,354,5.83104425426713,2021-01-17,362,5.79475425286193,0.0205508336240017,0.00131696420198946,0.0247388609043475,0.00626256089933021
31119,2021-01-10,355,"Madison","Nebraska",5.50416942075219,-0.0836141400411301,420.828213003741,4.91887044046428,0,354,5.50416942075219,2021-01-17,362,5.48242304513549,0.31759153823171,0.00047290485246244,0.10279261560657,0.00396656285690898
31121,2021-01-10,355,"Merrick","Nebraska",4.38381075646738,0.0363016266762149,234.239274989854,4.63792214320089,0.0363016266762139,234.23927498985,4.63792214320088,2021-01-17,362,4.64713438508712,8.48654005704747e-05,8.48654005706056e-05,0.00198234893223575,0.00198234893223728
31123,2021-01-10,355,"Morrill","Nebraska",3.50512830451039,0.0393924017106631,266.020192923104,3.78087511648503,0.0393924017106611,266.020192923099,3.78087511648501,2021-01-17,362,3.58747933967221,0.0374019264890355,0.0374019264890298,0.0539085409284878,0.0539085409284837
31127,2021-01-10,355,"Nemaha","Nebraska",4.40497556765943,0.0319176029683059,216.98914836952,4.62839878843757,0.0319176029683046,216.989148369515,4.62839878843756,2021-01-17,362,4.4274096405217,0.040396637579947,0.0403966375799434,0.0453965556013438,0.0453965556013418
31129,2021-01-10,355,"Nuckolls","Nebraska",3.2188758248682,-0.016997576368569,544.372634961086,3.09989279028822,0,354,3.2188758248682,2021-01-17,362,3.33729357968267,0.0563591348051111,0.0140227646553007,0.0711357223229458,0.0354831698162236
31131,2021-01-10,355,"Otoe","Nebraska",4.94368115929915,-0.0111393556907108,798.803151327839,4.86570566946417,0,354,4.94368115929915,2021-01-17,362,4.99624655664416,0.0170409232257367,0.00276312099803839,0.0261277912729076,0.0105209774475808
31133,2021-01-10,355,"Pawnee","Nebraska",3.10394585819422,-0.0253178079842924,477.599312709851,2.92672120230418,0,354,3.10394585819422,2021-01-17,362,3.12299405316492,0.0385230319850021,0.000362833731641538,0.0628476543725186,0.00609933757363041
31135,2021-01-10,355,"Perkins","Nebraska",3.72397077392521,0.0034542348680866,-723.088467096048,3.74815041800181,0.00345423486808638,-723.088467096117,3.74815041800181,2021-01-17,362,3.68171096463532,0.00441420096363783,0.00441420096363759,0.0180458091372932,0.0180458091372927
31137,2021-01-10,355,"Phelps","Nebraska",4.78271846402938,0.0168882180285229,71.8014733140147,4.90093599022905,0.0168882180285221,71.8014733140018,4.90093599022904,2021-01-17,362,4.82945594188108,0.00510939731182779,0.00510939731182703,0.0148008490414194,0.0148008490414183
31139,2021-01-10,355,"Pierce","Nebraska",3.92055790787798,-0.0196359745168613,554.661998161151,3.78310608625995,0,354,3.92055790787798,2021-01-17,362,3.83791503327442,0.00300402067283492,0.00682984472273969,0.0142809172530606,0.0215332736360895
31141,2021-01-10,355,"Platte","Nebraska",5.20479130853721,0.0182039059324833,69.0838165258961,5.3322186500646,0.0182039059324817,69.0838165258711,5.33221865006458,2021-01-17,362,5.20557531484942,0.0160385343544235,0.0160385343544205,0.024328403212977,0.0243284032129747
31143,2021-01-10,355,"Polk","Nebraska",3.48781185449893,0.0131870042819531,90.5114338385316,3.5801208844726,0.0131870042819533,90.511433838535,3.5801208844726,2021-01-17,362,3.50512830451039,0.00562388704938849,0.00562388704938869,0.0213951026744756,0.0213951026744759
31145,2021-01-10,355,"Red Willow","Nebraska",5.07962816558321,0.000889284184881841,-5357.04149577689,5.08585315487738,0.000889284184883543,-5357.04149576596,5.08585315487739,2021-01-17,362,5.11370747923607,0.000775863385478898,0.000775863385478255,0.0054469921229924,0.00544699212299014
31147,2021-01-10,355,"Richardson","Nebraska",4.62637239363869,0.0155041865359612,56.6049579313271,4.73490169939042,0.01550418653596,56.6049579313036,4.73490169939041,2021-01-17,362,4.58787868887803,0.0216157656201266,0.021615765620124,0.0320459673157455,0.0320459673157436
31151,2021-01-10,355,"Saline","Nebraska",4.74244456489145,-0.0049689543231822,1309.41500493696,4.70766188462918,0,354,4.74244456489145,2021-01-17,362,4.62357127135898,0.0070712312401568,0.014130859915256,0.0181873725600589,0.0257102760086851
31153,2021-01-10,355,"Sarpy","Nebraska",7.77767292320247,-0.00976837834819431,1151.20922183467,7.70929427476511,0,354,7.77767292320247,2021-01-17,362,7.70924424109294,2.50336835008647e-09,0.0046824845352461,6.4900878215821e-06,0.00887618552085482
31155,2021-01-10,355,"Saunders","Nebraska",5.70900689879301,0.0133526065873478,-72.5574856075329,5.80247514490444,0.0133526065873486,-72.5574856075074,5.80247514490445,2021-01-17,362,5.8217771281316,0.00037256655650128,0.000372566556501074,0.00331547958678852,0.0033154795867876
31157,2021-01-10,355,"Scotts Bluff","Nebraska",5.74300318780948,-0.0279927984335927,560.160023619418,5.54705359877433,0,354,5.74300318780948,2021-01-17,362,5.46866273229528,0.0061451279473375,0.0752626855317427,0.0143345586145073,0.0501659123891633
31159,2021-01-10,355,"Seward","Nebraska",5.29903139728169,-0.0197886315928619,622.781598359391,5.16051097613166,0,354,5.29903139728169,2021-01-17,362,5.08671411197269,0.00544597715969693,0.045078629640983,0.0145077672018699,0.0417395750253123
31161,2021-01-10,355,"Sheridan","Nebraska",3.7744016275521,-0.0448793261774324,439.101120694857,3.46024634431007,0,354,3.7744016275521,2021-01-17,362,3.53472877428668,0.00554763237522009,0.0574430765923879,0.021071611071952,0.0678051608963371
31167,2021-01-10,355,"Stanton","Nebraska",3.92055790787798,-0.0279347773315577,495.346846561363,3.72501446655708,0,354,3.92055790787798,2021-01-17,362,3.61477148196021,0.0121535156528248,0.0935053382755637,0.0304979125643327,0.0845935704217597
31169,2021-01-10,355,"Thayer","Nebraska",4.18748789394134,-0.023580942588908,532.579326108492,4.02242129581898,0,354,4.18748789394134,2021-01-17,362,4.20041910861358,0.0316832213596631,0.000167216312899762,0.0423762029911714,0.00307855343428246
31173,2021-01-10,355,"Thurston","Nebraska",4.38914410244275,-0.0535071540475693,437.02910770662,4.01459402410976,0,354,4.38914410244275,2021-01-17,362,4.09672268462707,0.006745116878367,0.0855102855973314,0.0200474054115242,0.0713793537729532
31175,2021-01-10,355,"Valley","Nebraska",3.3770998300831,0.02970515441392,241.312665370271,3.58503591098054,0.0297051544139175,241.312665370261,3.58503591098052,2021-01-17,362,3.59535339610311,0.000106450499254587,0.000106450499254953,0.00286967204218624,0.00286967204219118
31177,2021-01-10,355,"Washington","Nebraska",5.30685226899788,-0.0112677248463402,825.978155871595,5.22797819507349,0,354,5.30685226899788,2021-01-17,362,5.33271879326537,0.0109705929095917,0.000669077077680812,0.0196411253344448,0.00485053220885371
31179,2021-01-10,355,"Wayne","Nebraska",4.16111273868694,-0.0625878447492077,421.484358989524,3.72299782544249,0,354,4.16111273868694,2021-01-17,362,3.76782265645406,0.00200926547521581,0.154677088782749,0.0118967465028609,0.10438126156474
31185,2021-01-10,355,"York","Nebraska",4.9406214934752,0.00717583807007029,-333.507940846943,4.99085235996569,0.00717583807007127,-333.507940846849,4.9908523599657,2021-01-17,362,4.98458461689631,3.92846031837227e-05,3.92846031838117e-05,0.00125742535258226,0.00125742535258368
32001,2021-01-10,355,"Churchill","Nevada",5.72545077413533,0.00326721410823745,-1397.39533879952,5.74832127289299,0.00326721410823883,-1397.39533879878,5.748321272893,2021-01-17,362,5.73795383120112,0.000107483847234513,0.000107483847234715,0.00180681859716339,0.00180681859716509
32003,2021-01-10,355,"Clark","Nevada",10.5074014088895,0.003524401596112,-2626.32920507157,10.5320722200623,0.00352440159611156,-2626.32920507194,10.5320722200623,2021-01-17,362,10.5309450734623,1.27045945802375e-06,1.27045945801574e-06,0.000107031856323989,0.000107031856323652
32005,2021-01-10,355,"Douglas","Nevada",6.14968855232288,-0.00970881412695923,988.412945381924,6.08172685343416,0,354,6.14968855232288,2021-01-17,362,5.99396142730657,0.00770277002335812,0.0242509374658449,0.0146423074609327,0.0259806685286404
32007,2021-01-10,355,"Elko","Nevada",6.13122648948314,-0.0338911996552288,535.909101827477,5.89398809189654,0,354,6.13122648948314,2021-01-17,362,5.93979524218771,0.00209829501779756,0.0366459224410858,0.00771190730040984,0.0322285936619135
32013,2021-01-10,355,"Humboldt","Nevada",5.28029886104536,-0.0836724757241263,418.106760202182,4.69459153097647,0,354,5.28029886104536,2021-01-17,362,5.25675104746793,0.316023321981904,0.000554499524277442,0.10694048689299,0.00447953752513608
32015,2021-01-10,355,"Lander","Nevada",4.07511320029421,-0.0859995383927329,402.385291554525,3.47311643154508,0,354,4.07511320029421,2021-01-17,362,3.62243435470578,0.0222958421770243,0.204918137243275,0.0412203254882244,0.124965368937707
32017,2021-01-10,355,"Lincoln","Nevada",3.59142411796322,0.0777487528743833,308.807308989691,4.13566538808391,0.0777487528743772,308.807308989688,4.13566538808386,2021-01-17,362,3.89473150831808,0.0580491344190118,0.0580491344189913,0.061861486279928,0.0618614862799171
32019,2021-01-10,355,"Lyon","Nevada",6.11210065174677,-0.00662567497213665,1277.48724506565,6.06572092694181,0,354,6.11210065174677,2021-01-17,362,6.00986563247887,0.00311981391954199,0.0104519991647076,0.00929393398765619,0.0170111988386885
32021,2021-01-10,355,"Mineral","Nevada",3.67086094861126,-0.0144406841547946,609.202703228049,3.5697761595277,0,354,3.67086094861126,2021-01-17,362,3.61861025826738,0.00238476919971727,0.00273013464141182,0.0134952634448858,0.0144394357542379
32023,2021-01-10,355,"Nye","Nevada",5.89911426818617,-2.51214793389422e-15,2348235224763420,5.89911426818615,0,354,5.89911426818617,2021-01-17,362,6.02067654858309,0.0147773880153033,0.0147773880152989,0.0201908007208167,0.0201908007208138
32027,2021-01-10,355,"Pershing","Nevada",6.27422380809655,-0.000269142781869805,23666.8784182428,6.27233980862346,0,354,6.27422380809655,2021-01-17,362,6.25575004175337,0.000275220364803989,0.000341280042902418,0.00265192291241896,0.00295308575628485
32031,2021-01-10,355,"Washoe","Nevada",8.64513398572752,-0.0214147336601352,758.700280513923,8.49523085010657,0,354,8.64513398572752,2021-01-17,362,8.53755588593512,0.00179140865788825,0.0115730475549421,0.00495751200859245,0.012600573422848
32033,2021-01-10,355,"White Pine","Nevada",4.46590811865458,0.0182275137592661,109.990824440645,4.59350071496945,0.0182275137592658,109.990824440641,4.59350071496944,2021-01-17,362,4.32696685749085,0.0710402971824189,0.0710402971824175,0.0615983126880598,0.0615983126880591
32510,2021-01-10,355,"Carson City","Nevada",6.9555926083963,-0.0665112437935923,459.577695614623,6.49001390184115,0,354,6.9555926083963,2021-01-17,362,6.68371847169071,0.0375214603806037,0.0739155462094071,0.028981557297784,0.0406770778657306
33001,2021-01-10,355,"Belknap","New Hampshire",6.68693046588689,-0.0223738743714156,653.872263018959,6.53031334528698,0,354,6.68693046588689,2021-01-17,362,6.55535689181067,0.000627179222484159,0.0173116053951907,0.00382031778543965,0.0200711534471281
33003,2021-01-10,355,"Carroll","New Hampshire",5.84767665431627,-0.00411523214511208,1775.98342161861,5.81887002930048,0,354,5.84767665431627,2021-01-17,362,5.93300276324182,0.0130262809569233,0.00728054486437477,0.0192369258023017,0.0143816061327649
33005,2021-01-10,355,"Cheshire","New Hampshire",6.1870900695283,0.0282967502125024,136.34980084057,6.38516732101581,0.0282967502125029,136.349800840574,6.38516732101582,2021-01-17,362,6.48811880110016,0.0105990072515563,0.0105990072515556,0.0158676934317053,0.0158676934317047
33007,2021-01-10,355,"Coos","New Hampshire",5.81626045808289,0.0141420827058291,-56.2732600330181,5.9152550370237,0.0141420827058294,-56.273260033009,5.9152550370237,2021-01-17,362,5.89989735358249,0.000235858440680256,0.000235858440680311,0.00260304248037119,0.00260304248037149
33009,2021-01-10,355,"Grafton","New Hampshire",6.02758981496932,0.0128273556365154,-114.901200666074,6.11738130442493,0.0128273556365146,-114.901200666103,6.11738130442492,2021-01-17,362,6.16060436719987,0.00186823315564703,0.00186823315564749,0.00701604261508406,0.00701604261508492
33011,2021-01-10,355,"Hillsborough","New Hampshire",8.68222325110013,0.00424835256920935,-1688.66824778763,8.7119617190846,0.00424835256920986,-1688.66824778738,8.7119617190846,2021-01-17,362,8.71116095284459,6.41226571134095e-07,6.41226571139785e-07,9.19241699632448e-05,9.19241699636526e-05
33013,2021-01-10,355,"Merrimack","New Hampshire",7.48549160803075,-0.0245479109199905,659.933956800982,7.31365623159082,0,354,7.48549160803075,2021-01-17,362,7.41843803540022,0.0109792264095506,0.00449618160251885,0.0141245102148706,0.00903877235484931
33015,2021-01-10,355,"Rockingham","New Hampshire",8.24140204560529,-0.00779964955992694,1411.63747868212,8.1868044986858,0,354,8.24140204560529,2021-01-17,362,8.22596197104061,0.00153330764121776,0.000238395902562813,0.00476023017036355,0.00187699318560364
33017,2021-01-10,355,"Strafford","New Hampshire",7.38114602261683,-0.000444820077619607,16948.554099707,7.37803228207349,0,354,7.38114602261683,2021-01-17,362,7.38381197994095,3.34049074391347e-05,7.10732845404745e-06,0.000782752578635859,0.000361054334991987
33019,2021-01-10,355,"Sullivan","New Hampshire",5.43870023412166,0.073391998757346,280.895188491821,5.95244422542308,0.0733919987573453,280.89518849182,5.95244422542308,2021-01-17,362,5.90536184805457,0.00221675025867098,0.00221675025867048,0.00797281836066026,0.00797281836065935
34001,2021-01-10,355,"Atlantic","New Jersey",8.76461114941802,0.0815645939151415,247.543924652692,9.33556330682401,0.0815645939151359,247.543924652685,9.33556330682397,2021-01-17,362,8.86015453226721,0.226013502925601,0.226013502925564,0.0536569393711411,0.0536569393711367
34003,2021-01-10,355,"Bergen","New Jersey",9.48796128600507,0.0635238735647987,205.639440676949,9.93262840095866,0.0635238735647974,205.639440676946,9.93262840095865,2021-01-17,362,9.58402974607404,0.121521022187368,0.121521022187362,0.0363728686283993,0.0363728686283984
34005,2021-01-10,355,"Burlington","New Jersey",8.9367302521116,0.0514870587351251,181.427640815791,9.29713966325747,0.0514870587351215,181.427640815779,9.29713966325745,2021-01-17,362,9.00489639776137,0.0854061262278234,0.0854061262278088,0.0324538176328992,0.0324538176328965
34007,2021-01-10,355,"Camden","New Jersey",9.08145124855112,0.0524272244749696,181.779858375167,9.44844181987591,0.0524272244749682,181.779858375163,9.4484418198759,2021-01-17,362,9.12538920894993,0.104362989426094,0.104362989426087,0.0354015158727851,0.0354015158727839
34009,2021-01-10,355,"Cape May","New Jersey",7.95777738348348,0.131619318869515,294.539442599816,8.87911261557009,0.131619318869505,294.539442599811,8.87911261557002,2021-01-17,362,8.04325038521897,0.698665668127552,0.69866566812743,0.103920951147708,0.103920951147699
34011,2021-01-10,355,"Cumberland","New Jersey",8.1775960774475,0.0711677272343289,240.094039177032,8.6757701680878,0.071167727234327,240.094039177028,8.67577016808779,2021-01-17,362,8.23887664896337,0.190875947052929,0.190875947052916,0.0530282874400603,0.0530282874400585
34013,2021-01-10,355,"Essex","New Jersey",9.33825602581507,0.0528479383045857,178.299520749615,9.70819159394717,0.0528479383045841,178.29952074961,9.70819159394716,2021-01-17,362,9.43357534768249,0.0754140827125032,0.0754140827124974,0.0291105160178896,0.0291105160178885
34015,2021-01-10,355,"Gloucester","New Jersey",8.59669069554828,0.0681902442528904,228.930783065293,9.07402240531851,0.0681902442528894,228.930783065292,9.0740224053185,2021-01-17,362,8.67446552442256,0.159645701071301,0.159645701071295,0.0460612679560506,0.0460612679560498
34017,2021-01-10,355,"Hudson","New Jersey",9.39054063279287,0.050149920028824,167.75063594527,9.74159007299464,0.0501499200288222,167.750635945263,9.74159007299462,2021-01-17,362,9.4786102409065,0.0691583920851036,0.0691583920850971,0.0277445559427269,0.0277445559427256
34019,2021-01-10,355,"Hunterdon","New Jersey",7.15995820132416,0.0599310346948969,235.530041942796,7.57947544418843,0.0599310346948965,235.530041942795,7.57947544418843,2021-01-17,362,7.32024328774008,0.0672013109368624,0.067201310936861,0.0354130520337367,0.0354130520337363
34021,2021-01-10,355,"Mercer","New Jersey",8.33474591243387,0.0390904195467456,141.782899516673,8.60837884926108,0.0390904195467421,141.782899516654,8.60837884926106,2021-01-17,362,8.40200678160712,0.0425894303077724,0.0425894303077621,0.024562235310942,0.024562235310939
34023,2021-01-10,355,"Middlesex","New Jersey",9.46394107363013,0.0376947069516302,103.931830514713,9.72780402229154,0.0376947069516298,103.93183051471,9.72780402229153,2021-01-17,362,9.53237210997134,0.03819363235313,0.0381936323531286,0.0205019181023963,0.0205019181023959
34025,2021-01-10,355,"Monmouth","New Jersey",9.33723730516453,0.049869756673079,167.767538322379,9.68632560187609,0.0498697566730755,167.767538322366,9.68632560187606,2021-01-17,362,9.435116875013,0.0631058244521731,0.0631058244521606,0.0266248664633252,0.0266248664633226
34027,2021-01-10,355,"Morris","New Jersey",8.95110691569577,0.0706008601606234,228.215327754773,9.44531293682013,0.070600860160619,228.215327754765,9.4453129368201,2021-01-17,362,9.03829723930734,0.165661778021829,0.165661778021804,0.0450323425680996,0.0450323425680963
34029,2021-01-10,355,"Ocean","New Jersey",9.37236203500033,0.0562983560401946,188.52334429963,9.76645052728169,0.0562983560401911,188.523344299619,9.76645052728167,2021-01-17,362,9.46394107363013,0.0915119695485683,0.0915119695485532,0.0319644270075247,0.031964427007522
34031,2021-01-10,355,"Passaic","New Jersey",9.01666893398664,0.0453656055409753,156.244382688939,9.33422817277347,0.0453656055409706,156.244382688918,9.33422817277343,2021-01-17,362,9.03773715307336,0.0879069247628076,0.0879069247627887,0.0328058909745212,0.0328058909745177
34033,2021-01-10,355,"Salem","New Jersey",7.04453140177155,0.0639240409767446,244.798403008747,7.49199968860876,0.0639240409767403,244.79840300874,7.49199968860873,2021-01-17,362,7.15573080599753,0.113076761412609,0.113076761412588,0.0469929475727893,0.0469929475727851
34035,2021-01-10,355,"Somerset","New Jersey",8.53360070609219,0.0841358798656415,253.573584543007,9.12255186515169,0.0841358798656398,253.573584543005,9.12255186515167,2021-01-17,362,8.63258607133751,0.240066479107958,0.240066479107946,0.0567577073388235,0.0567577073388221
34037,2021-01-10,355,"Sussex","New Jersey",7.64225003020871,0.0630090674478039,233.711900687318,8.08331350234334,0.0630090674478039,233.711900687318,8.08331350234334,2021-01-17,362,7.79464662447879,0.0833285663760629,0.0833285663760629,0.0370339916318971,0.0370339916318971
34039,2021-01-10,355,"Union","New Jersey",9.21205318997986,0.0786864306474028,237.927042004746,9.76285820451168,0.0786864306473998,237.927042004741,9.76285820451166,2021-01-17,362,9.32317148453481,0.193324411724024,0.193324411724005,0.0471606384915503,0.047160638491548
34041,2021-01-10,355,"Warren","New Jersey",7.28079557700714,0.0523034608918972,215.797059069277,7.64691980325042,0.0523034608918937,215.797059069268,7.64691980325039,2021-01-17,362,7.38150189450671,0.0704466662818838,0.0704466662818711,0.0359571686815162,0.0359571686815129
35001,2021-01-10,355,"Bernalillo","New Mexico",8.95354770017704,-0.0107277062533926,1189.61902187576,8.8784537564033,0,354,8.95354770017704,2021-01-17,362,8.89474861293433,0.000265522349366834,0.00345733266057681,0.00183196369454829,0.00661053952184951
35005,2021-01-10,355,"Chaves","New Mexico",7.20510475683605,0.000636875087865532,-10958.2149366742,7.20956288245111,0.000636875087865363,-10958.2149366772,7.20956288245111,2021-01-17,362,7.14485808778003,0.00418671045342719,0.00418671045342707,0.00905613433830829,0.00905613433830816
35006,2021-01-10,355,"Cibola","New Mexico",6.09999859321547,0.0184322114102974,24.0576915905145,6.22902407308755,0.0184322114102971,24.057691590509,6.22902407308755,2021-01-17,362,6.06079069638505,0.0283024690367229,0.0283024690367223,0.0277576615214308,0.0277576615214305
35007,2021-01-10,355,"Colfax","New Mexico",5.27811465923052,-0.0483735842842213,464.111506565623,4.93949956924097,0,354,5.27811465923052,2021-01-17,362,5.02481992908821,0.00727956380446318,0.0641582203178632,0.0169797845597078,0.0504087178678794
35009,2021-01-10,355,"Curry","New Mexico",6.33327962813969,0.00764140243948988,-473.811161078239,6.38676944521612,0.0076414024394893,-473.811161078302,6.38676944521612,2021-01-17,362,6.42671959116957,0.00159601416170206,0.00159601416170241,0.00621625782589666,0.00621625782589736
35011,2021-01-10,355,"De Baca","New Mexico",3.40119738166216,0.00477327875265518,-357.549498553842,3.43461033293074,0.00477327875265621,-357.549498553688,3.43461033293075,2021-01-17,362,3.52214999207982,0.0076631919239366,0.00766319192393536,0.0248540406700242,0.0248540406700222
35013,2021-01-10,355,"Doña Ana","New Mexico",7.91278922069068,0.0151210699637748,-168.29558950836,8.0186367104371,0.0151210699637749,-168.295589508355,8.01863671043711,2021-01-17,362,7.96365887379668,0.00302256252166082,0.00302256252166101,0.00690359010998298,0.00690359010998321
35015,2021-01-10,355,"Eddy","New Mexico",7.04228617193974,0.00362795168677762,-1586.11906109609,7.06768183374719,0.0036279516867781,-1586.11906109583,7.06768183374719,2021-01-17,362,7.08697679752377,0.000372295627139732,0.000372295627139595,0.00272259446134026,0.00272259446133976
35017,2021-01-10,355,"Grant","New Mexico",5.8171111599632,0.00170212807053279,-3062.55198135143,5.82902605645693,0.00170212807053183,-3062.55198135335,5.82902605645693,2021-01-17,362,5.84313025260216,0.000198928348903107,0.000198928348903307,0.00241380827321937,0.00241380827322059
35019,2021-01-10,355,"Guadalupe","New Mexico",4.71081637512308,-0.176305208607828,381.719666493812,3.47667991486828,0,354,4.71081637512308,2021-01-17,362,3.98898404656427,0.262455523352783,0.521041910552623,0.128429726896812,0.180956434052555
35023,2021-01-10,355,"Hidalgo","New Mexico",3.92338676407846,0.0315664659678355,230.710294333354,4.14435202585331,0.0315664659678352,230.710294333353,4.14435202585331,2021-01-17,362,4.05302641289137,0.0083403675828741,0.00834036758287377,0.022532696227062,0.0225326962270616
35025,2021-01-10,355,"Lea","New Mexico",7.24034242739178,-0.0157531587390351,814.612103663426,7.13007031621853,0,354,7.24034242739178,2021-01-17,362,7.16228674925216,0.00103789855741027,0.00609268888983554,0.00449806523551886,0.010898150391391
35027,2021-01-10,355,"Lincoln","New Mexico",5.10594547390058,0.0298791998837357,184.113714765838,5.31509987308673,0.0298791998837347,184.113714765833,5.31509987308672,2021-01-17,362,5.39686904027653,0.00668619670291408,0.00668619670291524,0.0151512231591252,0.0151512231591265
35028,2021-01-10,355,"Los Alamos","New Mexico",4.61935482098004,0.0242349708454544,164.393011015465,4.78899961689822,0.0242349708454537,164.39301101546,4.78899961689822,2021-01-17,362,4.7523579050601,0.00134261504642811,0.00134261504642772,0.00771021723744953,0.00771021723744841
35029,2021-01-10,355,"Luna","New Mexico",5.56232862562335,0.0165933010735309,19.7846862432817,5.67848173313806,0.0165933010735291,19.7846862432451,5.67848173313805,2021-01-17,362,5.76384671539885,0.00728718019638473,0.00728718019638685,0.0148104185409242,0.0148104185409264
35031,2021-01-10,355,"McKinley","New Mexico",7.39387829010776,-0.0104877731106344,1059.99983286352,7.32046387833331,0,354,7.39387829010776,2021-01-17,362,7.32052696227274,3.97958341339127e-09,0.00538041729515996,8.61740415003232e-06,0.0100199518713668
35033,2021-01-10,355,"Mora","New Mexico",4.01509519056796,-0.0153455696746639,616.645235445186,3.90767620284531,0,354,4.01509519056796,2021-01-17,362,3.74444930526875,0.0266430200924701,0.0732491952293941,0.0435916964737352,0.0722792227199847
35035,2021-01-10,355,"Otero","New Mexico",5.94803498918065,0.026073647839638,126.875610740656,6.13055052405811,0.0260736478396373,126.875610740649,6.13055052405811,2021-01-17,362,6.18562056154894,0.0030327090292412,0.00303270902924178,0.0089029123178286,0.00890291231782947
35037,2021-01-10,355,"Quay","New Mexico",3.61861025826738,0.0350913198112722,251.880189239705,3.86424949694629,0.0350913198112703,251.8801892397,3.86424949694627,2021-01-17,362,3.8859723282282,0.000471881398902636,0.000471881398903215,0.00559006329615877,0.00559006329616219
35039,2021-01-10,355,"Rio Arriba","New Mexico",6.48179587585939,0.00878740276680485,-382.62362416628,6.54330769522702,0.00878740276680468,-382.623624166294,6.54330769522702,2021-01-17,362,6.58931940484702,0.00211707742215529,0.00211707742215538,0.00698277117757493,0.00698277117757507
35041,2021-01-10,355,"Roosevelt","New Mexico",5.78294567479723,-0.0422112622128609,492.000065187231,5.4874668393072,0,354,5.78294567479723,2021-01-17,362,5.59258485035815,0.0110497962473068,0.0362372434811265,0.0187959617714542,0.0340380753323555
35043,2021-01-10,355,"Sandoval","New Mexico",7.48645314656638,-0.00781814911642705,1312.57359383646,7.43172610275139,0,354,7.48645314656638,2021-01-17,362,7.46114765999856,0.000865628030848469,0.000640367650434127,0.00394330183343069,0.00339163460113388
35045,2021-01-10,355,"San Juan","New Mexico",7.94180364936477,0.00340906530073563,-1974.61323669894,7.96566710646992,0.00340906530073415,-1974.61323669995,7.96566710646991,2021-01-17,362,7.89485057357251,0.00501498133161051,0.005014981331609,0.00896996494581767,0.00896996494581632
35047,2021-01-10,355,"San Miguel","New Mexico",5.61573159653347,-0.0165037268306844,695.270513087532,5.50020550871868,0,354,5.61573159653347,2021-01-17,362,5.4812339843533,0.000359918736746008,0.0180896076821663,0.0034611776142983,0.0245378344664909
35049,2021-01-10,355,"Santa Fe","New Mexico",7.15717903217389,0.0107443674907268,-311.133119362409,7.23238960460898,0.0107443674907266,-311.13311936242,7.23238960460898,2021-01-17,362,7.25185144071401,0.000378763064579267,0.000378763064579302,0.00268370584589904,0.00268370584589917
35051,2021-01-10,355,"Sierra","New Mexico",4.82373182779719,0,354,4.82373182779719,0,354,4.82373182779719,2021-01-17,362,4.91265488573605,0.007907310233199,0.007907310233199,0.0181008151411278,0.0181008151411278
35053,2021-01-10,355,"Socorro","New Mexico",5.12481395820496,-0.0561667016385379,446.242921672449,4.7316470467352,0,354,5.12481395820496,2021-01-17,362,4.88496408559086,0.0235061144034703,0.057527961392999,0.0313854997026294,0.0490996184233127
35055,2021-01-10,355,"Taos","New Mexico",5.2853768552723,0.0101819061451191,-164.095027978227,5.35665019828813,0.0101819061451192,-164.095027978226,5.35665019828813,2021-01-17,362,5.32648824351473,0.0009097435157526,0.0009097435157526,0.00566263425252524,0.00566263425252524
35057,2021-01-10,355,"Torrance","New Mexico",4.58787868887803,0,354,4.58787868887803,0,354,4.58787868887803,2021-01-17,362,4.5155580272984,0.00523027809131494,0.00523027809131494,0.0160158857758928,0.0160158857758928
35059,2021-01-10,355,"Union","New Mexico",3.49650756146648,-0.0465200156348926,430.161358261537,3.17086745202223,0,354,3.49650756146648,2021-01-17,362,3.2188758248682,0.00230480386331749,0.0770793811665765,0.0149146396002815,0.0862511484454817
35061,2021-01-10,355,"Valencia","New Mexico",6.82313066180349,-0.0306208859563296,577.826036827752,6.60878446010918,0,354,6.82313066180349,2021-01-17,362,6.69985214315563,0.00829332289544857,0.0151975931600103,0.0135924914610961,0.0184001849613645
36001,2021-01-10,355,"Albany","New York",8.51151998632021,0.0148210899185568,-219.284349740254,8.61526761575011,0.0148210899185575,-219.284349740227,8.61526761575011,2021-01-17,362,8.5972974356579,0.000322927372546447,0.000322927372546639,0.00209021267749526,0.00209021267749588
36003,2021-01-10,355,"Allegany","New York",6.34963836717045,0.00902714254452824,-348.3940514232,6.41282836498215,0.00902714254452786,-348.39405142323,6.41282836498215,2021-01-17,362,6.44344967085104,0.00093766437311624,0.000937664373116403,0.00475231551934316,0.00475231551934358
36007,2021-01-10,355,"Broome","New York",7.84261538501113,0.0397638267334709,157.770104658723,8.12096217214543,0.0397638267334717,157.770104658727,8.12096217214543,2021-01-17,362,8.04842308678039,0.00526191890559634,0.00526191890559686,0.009012832027206,0.00901283202720644
36009,2021-01-10,355,"Cattaraugus","New York",6.89235153383034,0.0122611374026848,-207.129866705609,6.97817949564913,0.0122611374026853,-207.129866705584,6.97817949564914,2021-01-17,362,6.96885037834195,8.70324297312104e-05,8.70324297312767e-05,0.00133868813372403,0.00133868813372454
36011,2021-01-10,355,"Cayuga","New York",7.52740968273228,0.0168227541882004,-92.4540612387985,7.64516896204968,0.0168227541881993,-92.4540612388267,7.64516896204967,2021-01-17,362,7.53613534084951,0.0118883305520219,0.0118883305520203,0.0144681081573938,0.0144681081573929
36013,2021-01-10,355,"Chautauqua","New York",7.49013050301677,0.0385570330227294,160.738929688876,7.76002973417587,0.0385570330227285,160.738929688871,7.76002973417587,2021-01-17,362,7.6851122968339,0.00561262241788891,0.00561262241788798,0.00974838550802185,0.00974838550802104
36015,2021-01-10,355,"Chemung","New York",6.98113849877038,0.0170028863521414,-55.5854943793797,7.10015870323537,0.017002886352139,-55.5854943794381,7.10015870323536,2021-01-17,362,7.07942506849771,0.000429883609434871,0.000429883609434172,0.00292871730925233,0.00292871730924995
36017,2021-01-10,355,"Chenango","New York",6.19265458820632,0.0233427646993029,89.7077491471586,6.35605394110144,0.0233427646993034,89.7077491471642,6.35605394110144,2021-01-17,362,6.38012253689976,0.000579297303703153,0.000579297303702982,0.00377243472349052,0.00377243472348996
36019,2021-01-10,355,"Clinton","New York",6.64136864992761,0.0502829802705083,222.920146852893,6.99334951182117,0.0502829802705076,222.920146852891,6.99334951182117,2021-01-17,362,6.96817819978602,0.000633594949571066,0.000633594949570798,0.00361232323764718,0.00361232323764642
36021,2021-01-10,355,"Columbia","New York",6.4592335385523,0.0359865750187834,175.509911399435,6.71113956368379,0.0359865750187822,175.509911399429,6.71113956368378,2021-01-17,362,6.70913010905305,4.03790791298585e-06,4.03790791295372e-06,0.000299510457849728,0.000299510457848536
36023,2021-01-10,355,"Cortland","New York",6.58695952174593,-0.000393700792485733,17085.8769691761,6.58420361619853,0,354,6.58695952174593,2021-01-17,362,6.58301396523662,1.41526941116978e-06,1.55674161681484e-05,0.000180715242013879,0.000599354115021523
36025,2021-01-10,355,"Delaware","New York",5.63937092958381,0.0377793958241573,205.728927592383,5.90382670035291,0.037779395824157,205.728927592382,5.90382670035291,2021-01-17,362,5.84271591656972,0.00373452789459619,0.00373452789459598,0.0104593111586831,0.0104593111586828
36027,2021-01-10,355,"Dutchess","New York",8.30921970489147,0.0198954977967757,-62.6432170618062,8.4484881894689,0.0198954977967762,-62.6432170617945,8.44848818946891,2021-01-17,362,8.47273363660725,0.000587841706938437,0.000587841706938265,0.00286158495926196,0.00286158495926154
36029,2021-01-10,355,"Erie","New York",9.30432499829788,0.0150942306563543,-261.415981054389,9.40998461289236,0.015094230656354,-261.415981054403,9.40998461289235,2021-01-17,362,9.3777537327513,0.00103882963466708,0.00103882963466696,0.00343695100762678,0.00343695100762659
36031,2021-01-10,355,"Essex","New York",5.82389084694858,0.062288801403553,261.501799429128,6.25991245677345,0.0622888014035539,261.50179942913,6.25991245677346,2021-01-17,362,6.07960623743369,0.0325103327325968,0.0325103327325991,0.0296575489099222,0.0296575489099232
36033,2021-01-10,355,"Franklin","New York",5.90575102883395,-0.00465839351732214,1622.76559491454,5.8731422742127,0,354,5.90575102883395,2021-01-17,362,5.97380961186926,0.0101339128708608,0.00463197072477412,0.0168514472668413,0.0113928276020188
36035,2021-01-10,355,"Fulton","New York",6.43660813903432,0.0294924428873128,136.753984787633,6.64305523924551,0.0294924428873111,136.753984787621,6.6430552392455,2021-01-17,362,6.64285924085015,3.84153709860875e-08,3.84153709815614e-08,2.95051254677828e-05,2.95051254660446e-05
36037,2021-01-10,355,"Genesee","New York",7.22089622089714,-0.00323270525019854,2588.70077443766,7.19826728414575,0,354,7.22089622089714,2021-01-17,362,7.1255129237342,0.00529319695889477,0.00909797337767499,0.0102104032636333,0.0133861657657285
36039,2021-01-10,355,"Greene","New York",6.56425842742396,0.0344225749772107,164.303678421217,6.80521645226443,0.0344225749772091,164.303678421208,6.80521645226442,2021-01-17,362,6.73493133388926,0.0049399978650127,0.00493999786501107,0.0104359071964865,0.0104359071964848
36041,2021-01-10,355,"Hamilton","New York",3.95124371858143,1.25607396694701e-15,-3145709426798170,3.95124371858144,0,354,3.95124371858143,2021-01-17,362,3.92338676407846,0.000776009914180806,0.000776009914180311,0.00710023155454007,0.00710023155453781
36043,2021-01-10,355,"Herkimer","New York",7.29486243004107,0.034239445463155,141.945660732413,7.53453854828316,0.0342394454631565,141.945660732422,7.53453854828317,2021-01-17,362,7.43829949289984,0.00926195578107388,0.00926195578107594,0.0129383141234344,0.0129383141234358
36045,2021-01-10,355,"Jefferson","New York",7.02604612219038,0.0313270864000539,130.719770665353,7.24533572699075,0.0313270864000534,130.71977066535,7.24533572699075,2021-01-17,362,7.2517501697635,4.11450760847985e-05,4.11450760848327e-05,0.00088453719758419,0.000884537197584558
36049,2021-01-10,355,"Lewis","New York",6.23244801655052,0.0421326106973757,207.075437211425,6.52737629143215,0.042132610697375,207.075437211423,6.52737629143215,2021-01-17,362,6.42994986624428,0.00949190832488803,0.00949190832488699,0.0151519727547703,0.0151519727547694
36051,2021-01-10,355,"Livingston","New York",6.87906181651183,0.0133197174201007,-161.457038805542,6.97229983845253,0.0133197174200994,-161.457038805594,6.97229983845252,2021-01-17,362,6.88273046836297,0.00802267205824182,0.00802267205824007,0.0130136390639267,0.0130136390639253
36053,2021-01-10,355,"Madison","New York",6.84222579080841,0.0115058414360055,-239.674090449122,6.92276668086045,0.0115058414360041,-239.674090449197,6.92276668086044,2021-01-17,362,6.89423572889462,0.000814015220075973,0.000814015220075415,0.00413837778221651,0.0041383777822151
36055,2021-01-10,355,"Monroe","New York",9.48107609123726,9.80814185532057e-05,-96310.3646642979,9.48176266116713,9.80814185531642e-05,-96310.3646643387,9.48176266116713,2021-01-17,362,9.45210938741356,0.000879316644304306,0.000879316644304306,0.0031372122917937,0.0031372122917937
36057,2021-01-10,355,"Montgomery","New York",6.72657592676696,0.0403583463139337,188.328752510243,7.00908435096449,0.0403583463139352,188.328752510249,7.00908435096451,2021-01-17,362,6.87227612887238,0.0187164896320061,0.018716489632009,0.019907265006036,0.0199072650060375
36059,2021-01-10,355,"Nassau","New York",10.1208774403714,0.027761755858844,-9.56186315561079,10.3152097313833,0.0277617558588439,-9.56186315561238,10.3152097313833,2021-01-17,362,10.2850404577408,0.000910185072116454,0.000910185072116454,0.00293331599097412,0.00293331599097412
36063,2021-01-10,355,"Niagara","New York",8.18876848637432,0.0212543590665802,-30.2747787276324,8.33754899984038,0.0212543590665799,-30.2747787276372,8.33754899984038,2021-01-17,362,8.28993403976834,0.00226718442266238,0.00226718442266221,0.00574370795275651,0.0057437079527563
36065,2021-01-10,355,"Oneida","New York",8.63299331001044,0.00786862501997087,-742.141277936053,8.68807368515024,0.00786862501997021,-742.141277936145,8.68807368515024,2021-01-17,362,8.65928781470125,0.000828626337506256,0.00082862633750595,0.0033242768995532,0.00332427689955258
36067,2021-01-10,355,"Onondaga","New York",8.94589107820217,0.0065161406450742,-1017.88182767582,8.99150406271769,0.00651614064507733,-1017.88182767516,8.99150406271771,2021-01-17,362,8.95784156913115,0.00113316347446362,0.00113316347446505,0.00375787999003444,0.00375787999003681
36069,2021-01-10,355,"Ontario","New York",7.4312996751559,0.0168128560283559,-87.0010296063066,7.54898966735439,0.0168128560283556,-87.0010296063147,7.54898966735439,2021-01-17,362,7.4713630881871,0.00602588579321659,0.00602588579321632,0.0103898817727158,0.0103898817727156
36071,2021-01-10,355,"Orange","New York",8.53761187540912,0.0145786275112007,-230.625215326318,8.63966226798752,0.014578627511197,-230.625215326469,8.63966226798749,2021-01-17,362,8.67931204089267,0.00157210449143,0.00157210449143211,0.00456830826203045,0.00456830826203352
36073,2021-01-10,355,"Orleans","New York",6.46547798346395,0.0181721209227364,-0.791049980001523,6.5926828299231,0.0181721209227357,-0.791049980016259,6.5926828299231,2021-01-17,362,6.51407756859015,0.00617878710922255,0.00617878710922171,0.0120669827009705,0.0120669827009697
36075,2021-01-10,355,"Oswego","New York",7.27487548078241,0.0227202887371502,34.8070849827191,7.43391750194246,0.0227202887371503,34.8070849827204,7.43391750194246,2021-01-17,362,7.40844398305977,0.000648900164266651,0.000648900164266696,0.0034384438811896,0.00343844388118972
36077,2021-01-10,355,"Otsego","New York",5.99858201487685,0.00426439878645935,-1051.66535079318,6.02843280638206,0.00426439878645812,-1051.66535079358,6.02843280638205,2021-01-17,362,6.16000104893119,0.0173102024474671,0.0173102024474695,0.0213584772963569,0.0213584772963583
36079,2021-01-10,355,"Putnam","New York",7.3307796034624,0.0252074372103605,64.1818758771163,7.50723166393493,0.0252074372103586,64.1818758770945,7.50723166393491,2021-01-17,362,7.5029745708111,1.81228418649261e-05,1.81228418648127e-05,0.000567387385316132,0.000567387385314356
36083,2021-01-10,355,"Rensselaer","New York",7.79963621541224,0.022262612754379,4.65315161051399,7.95547450469289,0.0222626127543784,4.65315161050458,7.95547450469289,2021-01-17,362,7.95592604073158,2.03884794237334e-07,2.03884794241345e-07,5.67546802697672e-05,5.67546802703253e-05
36087,2021-01-10,355,"Rockland","New York",8.42570427271369,0.0122855537996452,-330.822097247016,8.51170314931121,0.0122855537996429,-330.822097247141,8.51170314931119,2021-01-17,362,8.50722943190148,2.00141474621115e-05,2.00141474619685e-05,0.000525872429507167,0.000525872429505288
36089,2021-01-10,355,"St. Lawrence","New York",7.13966033596492,0.0409305688217701,180.566549855337,7.42617431771731,0.0409305688217705,180.566549855339,7.42617431771731,2021-01-17,362,7.34027953520431,0.00737791366295585,0.00737791366295631,0.0117018407951695,0.0117018407951699
36091,2021-01-10,355,"Saratoga","New York",8.11316990053275,0.0348361084161533,122.104585747278,8.35702265944582,0.034836108416151,122.104585747263,8.3570226594458,2021-01-17,362,8.29444242009672,0.00391628635699033,0.00391628635698833,0.00754483980713049,0.00754483980712856
36093,2021-01-10,355,"Schenectady","New York",7.98431670067044,0.0144155475007922,-198.868432692665,8.08522553317598,0.0144155475007901,-198.868432692745,8.08522553317597,2021-01-17,362,8.07112927816493,0.000198704405336576,0.000198704405336175,0.00174650343529819,0.00174650343529643
36095,2021-01-10,355,"Schoharie","New York",5.73518885248105,0.0134729099513731,-70.6830093261723,5.82949922214066,0.0134729099513713,-70.6830093262303,5.82949922214065,2021-01-17,362,5.92042877399123,0.00826818339974577,0.00826818339974819,0.0153586092024331,0.0153586092024354
36097,2021-01-10,355,"Schuyler","New York",5.31038709063537,0.0271833618973786,159.645683242459,5.50067062391702,0.0271833618973769,159.645683242447,5.500670623917,2021-01-17,362,5.37923880890026,0.0147456856982629,0.0147456856982601,0.0225741632470076,0.0225741632470054
36099,2021-01-10,355,"Seneca","New York",6.09098662362976,0.015640592541073,-34.4345183940128,6.20047077141727,0.0156405925410725,-34.4345183940248,6.20047077141726,2021-01-17,362,6.17438116491325,0.000680667567534657,0.000680667567534471,0.00422546095020481,0.00422546095020424
36101,2021-01-10,355,"Steuben","New York",7.21018520806848,0.0229600560565788,40.9683099073916,7.37090560046453,0.0229600560565784,40.9683099073854,7.37090560046452,2021-01-17,362,7.26262860097424,0.0117239086186194,0.0117239086186187,0.0149087892881871,0.0149087892881866
36103,2021-01-10,355,"Suffolk","New York",10.323841273138,0.0237467780718394,-79.747031445954,10.4900687196409,0.0237467780718372,-79.7470314459932,10.4900687196409,2021-01-17,362,10.4674286666247,0.000512572000579337,0.000512572000578693,0.00216290492510866,0.0021629049251073
36105,2021-01-10,355,"Sullivan","New York",6.73255118995705,0.00974949995721396,-335.553486794512,6.80079768965754,0.00974949995721275,-335.553486794598,6.80079768965754,2021-01-17,362,6.75260409882129,0.00232262219769184,0.00232262219769099,0.00713703781992226,0.00713703781992094
36107,2021-01-10,355,"Tioga","New York",6.19090071462022,0.0363459726461737,184.667490951794,6.44532252314344,0.0363459726461732,184.667490951792,6.44532252314344,2021-01-17,362,6.35213151231625,0.00868456449899275,0.00868456449899209,0.014670825162624,0.0146708251626235
36109,2021-01-10,355,"Tompkins","New York",6.44367691775578,0.0134967163728556,-122.425526309139,6.53815393236577,0.0134967163728552,-122.425526309154,6.53815393236577,2021-01-17,362,6.46703302098713,0.00505818403532871,0.00505818403532833,0.010997456043264,0.0109974560432635
36111,2021-01-10,355,"Ulster","New York",7.53993849444094,0.0211761787498508,-1.05755804710886,7.6881717456899,0.0211761787498501,-1.05755804711984,7.68817174568989,2021-01-17,362,7.66969531102637,0.000341378637875783,0.000341378637875619,0.00240901807884985,0.00240901807884927
36113,2021-01-10,355,"Warren","New York",6.57726511403847,0.0526544798759818,230.086314981554,6.94584647317035,0.0526544798759785,230.086314981547,6.94584647317032,2021-01-17,362,6.85375154775982,0.00848147528637073,0.00848147528636648,0.0134371555153075,0.0134371555153041
36115,2021-01-10,355,"Washington","New York",6.13339804299665,0.0603535088962474,253.375452311473,6.55587260527038,0.0603535088962435,253.375452311466,6.55587260527035,2021-01-17,362,6.48637853527048,0.0048294257651511,0.00482942576514727,0.010713847429967,0.0107138474299627
36117,2021-01-10,355,"Wayne","New York",7.12654651555748,0.0228720715160104,43.4170937219686,7.28665101616956,0.0228720715160096,43.4170937219578,7.28665101616955,2021-01-17,362,7.20552911500071,0.0065807628492487,0.00658076284924784,0.0112582851132983,0.0112582851132976
36119,2021-01-10,355,"Westchester","New York",9.58775867705282,0.0133309014224504,-364.213080437769,9.68107498700997,0.0133309014224494,-364.213080437824,9.68107498700996,2021-01-17,362,9.71027548019672,0.0008526688023492,0.000852668802349615,0.00300717453859038,0.00300717453859111
36121,2021-01-10,355,"Wyoming","New York",6.58912296048925,0.0226514751255548,64.1084389000532,6.74768328636814,0.0226514751255529,64.1084389000283,6.74768328636813,2021-01-17,362,6.71555653151735,0.00103212837724274,0.00103212837724189,0.00478393037122284,0.00478393037122085
36123,2021-01-10,355,"Yates","New York",5.51227600828518,0.0551250662504021,255.004183518873,5.89815147203799,0.0551250662503993,255.004183518868,5.89815147203797,2021-01-17,362,5.80254987484438,0.00913966538596848,0.00913966538596475,0.0164757906878258,0.0164757906878224
37001,2021-01-10,355,"Alamance","North Carolina",7.82564473221999,0.0105529770359287,-386.558017759047,7.89951557147149,0.0105529770359283,-386.558017759073,7.89951557147149,2021-01-17,362,7.90068954127377,1.37820509665887e-06,1.37820509666512e-06,0.000148590802884272,0.00014859080288461
37003,2021-01-10,355,"Alexander","North Carolina",6.64378973314767,0.00653170186321664,-662.160591876101,6.68951164619019,0.00653170186321539,-662.160591876296,6.68951164619018,2021-01-17,362,6.67130935642805,0.000331323352584943,0.00033132335258462,0.00272844336690854,0.00272844336690721
37005,2021-01-10,355,"Alleghany","North Carolina",5.26932982967478,-1.25607396694711e-15,4195079245597566,5.26932982967477,0,354,5.26932982967478,2021-01-17,362,5.2634301075476,3.48067211779234e-05,3.48067211780282e-05,0.00112088923128642,0.00112088923128811
37007,2021-01-10,355,"Anson","North Carolina",5.95250094375629,-0.00111337922059916,5701.33737869922,5.94470728921209,0,354,5.95250094375629,2021-01-17,362,6.0217165902785,0.00593043245073703,0.00479080572348835,0.0127885960609197,0.0114943381151412
37009,2021-01-10,355,"Ashe","North Carolina",5.86848948474917,0.0253592321470105,123.585679143247,6.04600410977825,0.0253592321470109,123.58567914325,6.04600410977825,2021-01-17,362,5.98105339580767,0.00421859524528845,0.0042185952452888,0.0108594104871408,0.0108594104871412
37011,2021-01-10,355,"Avery","North Carolina",5.4812339843533,0.0619640073876018,266.541647878474,5.91498203606651,0.0619640073876013,266.541647878474,5.91498203606651,2021-01-17,362,5.71231737710604,0.0410729639915653,0.0410729639915638,0.0354785362194192,0.0354785362194185
37013,2021-01-10,355,"Beaufort","North Carolina",6.80556433808559,0.0378924817192765,175.398030709519,7.07081171012053,0.0378924817192763,175.398030709518,7.07081171012052,2021-01-17,362,6.95966980893433,0.0123525221992813,0.0123525221992811,0.0159694215727758,0.0159694215727757
37015,2021-01-10,355,"Bertie","North Carolina",5.42746416085474,0.00566573753567998,-602.944861842838,5.4671243236045,0.005665737535681,-602.944861842664,5.4671243236045,2021-01-17,362,5.52999582031208,0.00395282509825206,0.00395282509825117,0.011369176171283,0.0113691761712817
37017,2021-01-10,355,"Bladen","North Carolina",6.09421451539307,0.0364273253540142,187.702114246181,6.34920579287117,0.0364273253540128,187.702114246175,6.34920579287116,2021-01-17,362,6.29315518271395,0.00314167089899563,0.00314167089899454,0.00890659907945235,0.0089065990794508
37019,2021-01-10,355,"Brunswick","North Carolina",7.09518282561419,0.0303017051538989,120.848727337997,7.30729476169148,0.0303017051538976,120.848727337988,7.30729476169147,2021-01-17,362,7.28619171470238,0.000445338592224117,0.000445338592223742,0.00289630685211265,0.00289630685211143
37021,2021-01-10,355,"Buncombe","North Carolina",8.01857842503821,0.00428992997335887,-1514.16301077985,8.04860793485172,0.00428992997335698,-1514.16301078068,8.04860793485171,2021-01-17,362,8.0673730693037,0.000352130271000767,0.000352130271001234,0.00232605264325484,0.00232605264325638
37023,2021-01-10,355,"Burke","North Carolina",7.29670378347116,0.00885004560670661,-469.48205441356,7.35865410271811,0.00885004560670755,-469.482054413473,7.35865410271812,2021-01-17,362,7.41086550115041,0.00272603012625659,0.00272603012625594,0.00704524976525307,0.00704524976525223
37025,2021-01-10,355,"Cabarrus","North Carolina",8.12271041329152,0.0155929425411301,-165.92223080191,8.23186101107943,0.0155929425411294,-165.922230801934,8.23186101107943,2021-01-17,362,8.21097854195572,0.000436077516702662,0.00043607751670244,0.00254323757113792,0.00254323757113727
37027,2021-01-10,355,"Caldwell","North Carolina",7.51277357525682,-0.00171473151914275,4736.31187966539,7.50077045462282,0,354,7.51277357525682,2021-01-17,362,7.49363536561368,5.09094951684067e-05,0.000366271068344915,0.000952153215498715,0.00255392859532021
37029,2021-01-10,355,"Camden","North Carolina",4.62637239363869,0.0472528848505473,257.093334443577,4.95714258759252,0.0472528848505442,257.093334443571,4.9571425875925,2021-01-17,362,4.89783979995091,0.00351682062206625,0.00351682062206372,0.0121079475980834,0.0121079475980791
37031,2021-01-10,355,"Carteret","North Carolina",6.61146483199376,0.0176378251979374,-19.8458076774074,6.73492960837932,0.0176378251979372,-19.8458076774103,6.73492960837932,2021-01-17,362,6.67672355481892,0.00338794467107573,0.00338794467107562,0.00871775700798427,0.00871775700798414
37033,2021-01-10,355,"Caswell","North Carolina",5.68745950062427,0.0364752115350386,199.073296321782,5.94278598136954,0.0364752115350377,199.073296321779,5.94278598136953,2021-01-17,362,5.92844867567457,0.000205558334591046,0.000205558334590868,0.00241839079315966,0.00241839079315861
37035,2021-01-10,355,"Catawba","North Carolina",8.01206558876489,0.00703224412777317,-784.33268572432,8.0612912976593,0.00703224412777459,-784.33268572409,8.06129129765931,2021-01-17,362,8.07326936547689,0.000143474108642802,0.000143474108642547,0.00148367003197139,0.00148367003197006
37037,2021-01-10,355,"Chatham","North Carolina",6.05812135879739,0.018206841433783,22.2612665502497,6.18556924883387,0.0182068414337824,22.2612665502385,6.18556924883386,2021-01-17,362,6.20686390368876,0.000453462325389023,0.000453462325389212,0.0034308235503984,0.00343082355039911
37039,2021-01-10,355,"Cherokee","North Carolina",5.8158348356036,0.0448388493605261,225.294735066873,6.12970678112728,0.0448388493605254,225.294735066871,6.12970678112728,2021-01-17,362,6.10479323241498,0.000620684909440068,0.000620684909439846,0.00408098157690477,0.00408098157690404
37041,2021-01-10,355,"Chowan","North Carolina",5.15329159449778,0.0413038061412378,230.234462003909,5.44241823748644,0.0413038061412356,230.234462003903,5.44241823748643,2021-01-17,362,5.41736943790772,0.000627442360334865,0.000627442360334109,0.00462379386634445,0.00462379386634167
37043,2021-01-10,355,"Clay","North Carolina",4.91684776399609,0.0637020509926139,277.814922166851,5.36276212094439,0.0637020509926094,277.814922166846,5.36276212094436,2021-01-17,362,5.14998307204222,0.0452749236517131,0.0452749236516998,0.0413164559816301,0.0413164559816241
37045,2021-01-10,355,"Cleveland","North Carolina",7.61170108678431,0.0193349582645149,-38.6755891919306,7.74704579463592,0.0193349582645146,-38.6755891919379,7.74704579463591,2021-01-17,362,7.67964762247171,0.00454251361107575,0.00454251361107539,0.00877620634141964,0.0087762063414193
37047,2021-01-10,355,"Columbus","North Carolina",6.82219739062049,0.0391958146148245,180.945768504573,7.09656809292426,0.0391958146148239,180.945768504571,7.09656809292426,2021-01-17,362,6.990519554553,0.0112462924906804,0.0112462924906796,0.0151703371321218,0.0151703371321213
37049,2021-01-10,355,"Craven","North Carolina",7.30355477760492,0.00288906210195783,-2173.0020019838,7.32377821231862,0.00288906210195794,-2173.0020019837,7.32377821231863,2021-01-17,362,7.31341084514249,0.000107482302164826,0.000107482302164844,0.00141758303965955,0.00141758303965967
37051,2021-01-10,355,"Cumberland","North Carolina",8.18892719134212,0.0140633560314964,-227.288265546443,8.2873706835626,0.014063356031496,-227.288265546458,8.28737068356259,2021-01-17,362,8.30890306548833,0.000463643471395687,0.000463643471395764,0.00259148310625631,0.00259148310625652
37053,2021-01-10,355,"Currituck","North Carolina",5.44858295816372,0.0223750788812509,111.488770963424,5.60520851033248,0.0223750788812502,111.488770963418,5.60520851033247,2021-01-17,362,5.6927696748208,0.00766695752655092,0.00766695752655169,0.0153811184168588,0.0153811184168596
37055,2021-01-10,355,"Dare","North Carolina",5.98285617257138,0.0381837869701626,198.314227128742,6.25014268136252,0.0381837869701593,198.314227128729,6.2501426813625,2021-01-17,362,6.19905926803256,0.00260951511743951,0.00260951511743725,0.00824051055510758,0.008240510555104
37057,2021-01-10,355,"Davidson","North Carolina",7.94863756191134,0.0140217700678743,-211.878327303535,8.04678995238646,0.0140217700678757,-211.878327303475,8.04678995238647,2021-01-17,362,8.05352374452802,4.53439566057592e-05,4.53439566056156e-05,0.000836129917185265,0.000836129917183941
37059,2021-01-10,355,"Davie","North Carolina",6.50471579808881,0.00794080790294656,-464.150378348169,6.56030145340944,0.00794080790294771,-464.150378348051,6.56030145340944,2021-01-17,362,6.5818272562366,0.000463360187353726,0.000463360187353382,0.0032704903956211,0.00327049039561989
37061,2021-01-10,355,"Duplin","North Carolina",6.53813982376767,0.0215241827490548,51.242133789968,6.68880910301105,0.0215241827490544,51.2421337899627,6.68880910301105,2021-01-17,362,6.68871045923689,9.73059418169454e-09,9.73059418116886e-09,1.47478015033053e-05,1.47478015029069e-05
37063,2021-01-10,355,"Durham","North Carolina",7.93880224815448,0.00762015603319556,-686.816232314773,7.99214334038685,0.00762015603319632,-686.816232314668,7.99214334038686,2021-01-17,362,8.04338805989393,0.00262602127735896,0.00262602127735842,0.00637103657382812,0.00637103657382746
37065,2021-01-10,355,"Edgecombe","North Carolina",6.18444339837592,0.0232360766808484,88.8430457378698,6.34709593514186,0.0232360766808473,88.8430457378564,6.34709593514185,2021-01-17,362,6.34035930372775,4.53822028095911e-05,4.53822028094834e-05,0.00106249994541328,0.00106249994541202
37067,2021-01-10,355,"Forsyth","North Carolina",8.5230616525506,0.000426154530079925,-19644.9320691302,8.52604473426116,0.000426154530080325,-19644.9320691114,8.52604473426117,2021-01-17,362,8.56533008102381,0.00154333847026153,0.00154333847026125,0.0045865537452764,0.00458655374527599
37069,2021-01-10,355,"Franklin","North Carolina",6.8728680199817,0.0167068325017249,-56.3806743002955,6.98981584749377,0.0167068325017254,-56.380674300283,6.98981584749377,2021-01-17,362,7.00462268723507,0.000219242503124559,0.000219242503124453,0.00211386685656659,0.00211386685656608
37071,2021-01-10,355,"Gaston","North Carolina",8.37269576861712,0.0157048644565743,-178.127540945581,8.48262981981314,0.0157048644565734,-178.127540945613,8.48262981981313,2021-01-17,362,8.47598421726712,4.41640331996554e-05,4.4164033199561e-05,0.000784050840075987,0.000784050840075149
37073,2021-01-10,355,"Gates","North Carolina",4.60517018598809,0.0216614967811795,142.402955921805,4.75680066345635,0.0216614967811797,142.402955921807,4.75680066345635,2021-01-17,362,4.80402104473326,0.00222976440793657,0.00222976440793649,0.00982934521668608,0.00982934521668589
37075,2021-01-10,355,"Graham","North Carolina",4.82487927485367,0.0338224659071324,212.346909947326,5.0616365362036,0.0338224659071313,212.346909947321,5.06163653620359,2021-01-17,362,4.96782720160437,0.00880019125794902,0.00880019125794769,0.018883373111071,0.0188833731110696
37077,2021-01-10,355,"Granville","North Carolina",6.69226096891383,0.0130207850478098,-158.967548372941,6.7834064642485,0.0130207850478099,-158.967548372935,6.7834064642485,2021-01-17,362,6.74473202065128,0.00149571258755412,0.00149571258755419,0.00573402226786765,0.00573402226786778
37079,2021-01-10,355,"Greene","North Carolina",5.49070711617891,0.00117924541967329,-4301.11909495489,5.49896183411662,0.0011792454196744,-4301.11909495051,5.49896183411663,2021-01-17,362,5.57486626600749,0.0057614827806744,0.00576148278067318,0.0136154713438931,0.0136154713438917
37081,2021-01-10,355,"Guilford","North Carolina",8.73779637587204,0.0213074598069582,-55.0815608728079,8.88694859452075,0.0213074598069571,-55.0815608728287,8.88694859452074,2021-01-17,362,8.88322423027899,1.38708890052768e-05,1.38708890052239e-05,0.000419258159561266,0.000419258159560466
37083,2021-01-10,355,"Halifax","North Carolina",6.69632853133515,0.0284633911279797,119.738906153996,6.89557226923101,0.0284633911279792,119.738906153992,6.895572269231,2021-01-17,362,6.90144972641886,3.45445029950637e-05,3.45445029951054e-05,0.000851626458330283,0.000851626458330798
37085,2021-01-10,355,"Harnett","North Carolina",7.25649885259459,0.0124754394513771,-226.662784776177,7.34382692875423,0.012475439451376,-226.66278477623,7.34382692875422,2021-01-17,362,7.4087902734277,0.0042202361511652,0.00422023615116624,0.00876841458267157,0.00876841458267265
37087,2021-01-10,355,"Haywood","North Carolina",6.70808408385307,0.0247231380867968,83.6718190748013,6.88114605046065,0.0247231380867952,83.6718190747834,6.88114605046064,2021-01-17,362,6.81501322728352,0.00437355030137691,0.00437355030137538,0.00970399043575824,0.00970399043575655
37089,2021-01-10,355,"Henderson","North Carolina",7.4942712956828,-0.00720538372127167,1395.09329490091,7.4438336096339,0,354,7.4942712956828,2021-01-17,362,7.4836460708971,0.00158503207183384,0.000112895401746681,0.00531992839934345,0.00141979252960951
37091,2021-01-10,355,"Hertford","North Carolina",5.73009978297357,0.0097880063661613,-230.420520646926,5.7986158275367,0.00978800636616217,-230.420520646874,5.79861582753671,2021-01-17,362,5.79865966029918,1.92131106655904e-09,1.921311066014e-09,7.55911970128468e-06,7.5591197002125e-06
37093,2021-01-10,355,"Hoke","North Carolina",6.38447142029411,0.0133480928570173,-123.305888989804,6.47790807029323,0.013348092857016,-123.30588898985,6.47790807029322,2021-01-17,362,6.48920493132532,0.00012761906917837,0.00012761906917857,0.00174086982174926,0.00174086982175063
37095,2021-01-10,355,"Hyde","North Carolina",5.2853768552723,0.048175302584333,245.288663033927,5.62260397336263,0.0481753025843323,245.288663033925,5.62260397336263,2021-01-17,362,5.56287702157896,0.00356730876936842,0.00356730876936779,0.0107367018095096,0.0107367018095087
37097,2021-01-10,355,"Iredell","North Carolina",7.94762807262715,0.0150095671875258,-174.504147143717,8.05269504293983,0.0150095671875254,-174.504147143728,8.05269504293982,2021-01-17,362,8.03180322583279,0.000436468022034029,0.000436468022033954,0.00260113657165378,0.00260113657165356
37099,2021-01-10,355,"Jackson","North Carolina",6.46302945692067,-0.00155884676928907,4501.03255704743,6.45211752953565,0,354,6.46302945692067,2021-01-17,362,6.38856140554563,0.00403938089663437,0.00554549067559556,0.00994842499828621,0.0116564664010895
37101,2021-01-10,355,"Johnston","North Carolina",7.99751901057376,0.00149042071869331,-5010.94728606926,8.00795195560462,0.0014904207186941,-5010.94728606643,8.00795195560462,2021-01-17,362,8.01782548382617,9.74865595418642e-05,9.7486559541759e-05,0.00123144713507088,0.00123144713507022
37103,2021-01-10,355,"Jones","North Carolina",4.70695288029804,-0.0025773210142957,2181.29670661506,4.68891163319797,0,354,4.70695288029804,2021-01-17,362,4.78152157579554,0.00857660146792573,0.00556049034819937,0.0193682996363275,0.0155951812232692
37105,2021-01-10,355,"Lee","North Carolina",6.8001700683022,0.0277437149067341,109.893312191165,6.99437607264934,0.0277437149067339,109.893312191163,6.99437607264934,2021-01-17,362,6.9081837586002,0.00742911500114467,0.00742911500114452,0.0124768415347712,0.0124768415347711
37107,2021-01-10,355,"Lenoir","North Carolina",6.73628887694519,0.0254178203772148,89.9777133926175,6.91421361958569,0.0254178203772133,89.9777133926018,6.91421361958568,2021-01-17,362,6.9160068551799,3.21569389631966e-06,3.21569389635788e-06,0.000259287712079229,0.00025928771208077
37109,2021-01-10,355,"Lincoln","North Carolina",7.36073990305828,0.022966285913203,34.4980289422121,7.5215039044507,0.0229662859132018,34.4980289421954,7.52150390445069,2021-01-17,362,7.5130855634038,7.08684659818743e-05,7.08684659817397e-05,0.00112049050631113,0.00112049050631007
37111,2021-01-10,355,"McDowell","North Carolina",6.84131017957399,0.0143002360028308,-123.405403814296,6.9414118315938,0.0143002360028319,-123.405403814257,6.94141183159381,2021-01-17,362,6.91444712427171,0.000727095440965794,0.000727095440966225,0.00389976332705369,0.00389976332705484
37113,2021-01-10,355,"Macon","North Carolina",6.30757787929059,0.0363194325798358,181.330494965042,6.56181390734944,0.0363194325798348,181.330494965038,6.56181390734944,2021-01-17,362,6.48354412805292,0.00612615835112684,0.00612615835112573,0.0120720670285668,0.0120720670285657
37115,2021-01-10,355,"Madison","North Carolina",5.3942766862648,0.0263000036866563,149.894451326572,5.5783767120714,0.0263000036866554,149.894451326566,5.57837671207139,2021-01-17,362,5.62607830032213,0.00227544152164243,0.00227544152164302,0.00847865701549183,0.00847865701549293
37117,2021-01-10,355,"Martin","North Carolina",6.15455474197405,-0.0021215343614258,3255.99225064534,6.13970400144407,0,354,6.15455474197405,2021-01-17,362,6.14602330692458,3.99336217560229e-05,7.27853840033075e-05,0.00102819419402326,0.00138812279476012
37119,2021-01-10,355,"Mecklenburg","North Carolina",9.65197208363975,0.0151602192727477,-281.664411641482,9.75809361854898,0.0151602192727474,-281.664411641495,9.75809361854898,2021-01-17,362,9.73564354557687,0.000504005776453273,0.000504005776453193,0.00230596702385578,0.0023059670238556
37121,2021-01-10,355,"Mitchell","North Carolina",5.27079933765415,-0.0374683597470569,495.673340739667,5.00852081942475,0,354,5.27079933765415,2021-01-17,362,5.09812274821937,0.00802850564371709,0.0298172045388252,0.0175754749777103,0.0338706221805044
37123,2021-01-10,355,"Montgomery","North Carolina",6.15637347542476,0.0417435779414355,207.519266938213,6.44857852101481,0.0417435779414346,207.519266938209,6.4485785210148,2021-01-17,362,6.34738920965601,0.010239276733268,0.0102392767332665,0.0159418790965054,0.0159418790965043
37125,2021-01-10,355,"Moore","North Carolina",7.2885372982641,0.012178504477954,-243.475560891578,7.37378682960978,0.012178504477955,-243.475560891528,7.37378682960979,2021-01-17,362,7.35472786090165,0.000363244288217409,0.00036324428821768,0.00259139006481086,0.00259139006481183
37127,2021-01-10,355,"Nash","North Carolina",7.13534606950933,0.00376175992189374,-1541.8105933558,7.16167838896259,0.00376175992189509,-1541.81059335512,7.1616783889626,2021-01-17,362,7.1586251640239,9.32218252625674e-06,9.3221825263164e-06,0.000426509960884269,0.000426509960885634
37129,2021-01-10,355,"New Hanover","North Carolina",7.59049130824176,0.013076830006895,-225.453466492989,7.68202911829003,0.0130768300068933,-225.453466493066,7.68202911829002,2021-01-17,362,7.67746659652535,2.08166048531329e-05,2.08166048530194e-05,0.000594274388212886,0.000594274388211267
37131,2021-01-10,355,"Northampton","North Carolina",5.3890717298165,0.0426447026979373,228.628577786353,5.68758464870206,0.0426447026979364,228.62857778635,5.68758464870206,2021-01-17,362,5.67724291942159,0.000106951364510608,0.000106951364510479,0.00182161119882595,0.00182161119882486
37133,2021-01-10,355,"Onslow","North Carolina",7.84334430931939,0.0210712978694779,-17.2288184573861,7.99084339440574,0.0210712978694749,-17.2288184574384,7.99084339440572,2021-01-17,362,7.99057688174392,7.10289989068226e-08,7.10289988959339e-08,3.33533693195825e-05,3.3353369317026e-05
37135,2021-01-10,355,"Orange","North Carolina",6.85525825288138,0.0327496750792892,145.677060572835,7.0845059784364,0.0327496750792893,145.677060572836,7.0845059784364,2021-01-17,362,7.06194677430297,0.000508917691134063,0.000508917691134103,0.00319447382632861,0.00319447382632874
37137,2021-01-10,355,"Pamlico","North Carolina",4.62216776235667,0.0504066384997052,263.30240024072,4.9750142318546,0.0504066384997035,263.302400240717,4.97501423185459,2021-01-17,362,4.89249505179203,0.00680941507819925,0.00680941507819734,0.0168664820687651,0.0168664820687628
37139,2021-01-10,355,"Pasquotank","North Carolina",6.45204895443723,0.012926815678642,-144.121292887114,6.54253666418772,0.0129268156786404,-144.121292887177,6.54253666418771,2021-01-17,362,6.58123337321409,0.00149743528947168,0.00149743528947257,0.00587985668216371,0.00587985668216546
37141,2021-01-10,355,"Pender","North Carolina",6.63425784152231,0.0170458672729885,-34.2003695250632,6.75357891243323,0.017045867272989,-34.2003695250532,6.75357891243324,2021-01-17,362,6.78267784664059,0.000846747972003839,0.000846747972003684,0.00429018373941572,0.00429018373941532
37143,2021-01-10,355,"Perquimans","North Carolina",5.18338739987406,0.0120920457650286,-73.6609148358445,5.26803172022926,0.0120920457650282,-73.6609148358585,5.26803172022926,2021-01-17,362,5.24852670204502,0.000380445734367481,0.000380445734367377,0.00371628445305209,0.00371628445305158
37145,2021-01-10,355,"Person","North Carolina",6.28546589651866,0.0237016212186889,89.8086091443178,6.45137724504948,0.023701621218688,89.8086091443081,6.45137724504947,2021-01-17,362,6.45137274568837,2.02442504093673e-11,2.024425035342e-11,6.974269335546e-07,6.97426932590891e-07
37147,2021-01-10,355,"Pitt","North Carolina",7.94999875795726,0.0132364941903734,-245.612114024809,8.04265421728988,0.0132364941903713,-245.612114024903,8.04265421728986,2021-01-17,362,8.02719674536087,0.000238933438435999,0.00023893343843556,0.00192563760666997,0.0019256376066682
37149,2021-01-10,355,"Polk","North Carolina",5.62298551435168,0.0427167500608531,223.365793129362,5.92200276477766,0.0427167500608521,223.365793129359,5.92200276477765,2021-01-17,362,5.86037914021172,0.0037974711046433,0.00379747110464243,0.0105152965519068,0.0105152965519056
37151,2021-01-10,355,"Randolph","North Carolina",7.65532300184578,0.0117032022290059,-299.122081465223,7.73724541744882,0.0117032022290058,-299.122081465229,7.73724541744882,2021-01-17,362,7.71836798447981,0.000356357475499357,0.000356357475499324,0.00244578037830874,0.00244578037830863
37153,2021-01-10,355,"Richmond","North Carolina",6.3235906181253,0.0330802399152245,163.840847758936,6.55515229753187,0.0330802399152255,163.840847758942,6.55515229753188,2021-01-17,362,6.5206211275587,0.00119240169971645,0.00119240169971694,0.00529568722023044,0.00529568722023153
37155,2021-01-10,355,"Robeson","North Carolina",7.6951731382133,0.0292858285818123,92.2390159043568,7.90017393828599,0.0292858285818109,92.239015904345,7.90017393828598,2021-01-17,362,7.87647580204377,0.00056160166135464,0.000561601661354219,0.00300872329679055,0.00300872329678943
37157,2021-01-10,355,"Rockingham","North Carolina",6.98193467715639,0.0267507046031398,93.9999710012538,7.16918960937837,0.0267507046031392,93.9999710012478,7.16918960937836,2021-01-17,362,7.20531695842836,0.00130518534938028,0.0013051853493806,0.00501398470857507,0.00501398470857569
37159,2021-01-10,355,"Rowan","North Carolina",7.93343838762749,0.0109701612602423,-368.183388049146,8.01022951644918,0.010970161260242,-368.183388049165,8.01022951644918,2021-01-17,362,7.99867136101578,0.000133590957022826,0.000133590957022785,0.0014450094161564,0.00144500941615618
37161,2021-01-10,355,"Rutherford","North Carolina",7.31274408319942,0.0150725264987504,-130.170424733086,7.41825176869067,0.0150725264987486,-130.170424733144,7.41825176869066,2021-01-17,362,7.36083071720719,0.0032971771534689,0.00329717715346748,0.00780089281896573,0.00780089281896404
37163,2021-01-10,355,"Sampson","North Carolina",6.82266413508637,0.00843491411505771,-453.859941194516,6.88170853389178,0.00843491411505859,-453.859941194432,6.88170853389178,2021-01-17,362,6.87906181651183,7.00511288932253e-06,7.00511288935544e-06,0.000384749759566891,0.000384749759567794
37165,2021-01-10,355,"Scotland","North Carolina",6.04939647123551,0.0145987994211537,-59.3762988119363,6.15158806718359,0.0145987994211527,-59.3762988119642,6.15158806718358,2021-01-17,362,6.18767726860565,0.00130243045928266,0.00130243045928317,0.00583243111355762,0.00583243111355877
37167,2021-01-10,355,"Stanly","North Carolina",7.04403289727469,0.0235868915398816,56.3581511847639,7.20914113805386,0.0235868915398809,56.3581511847555,7.20914113805385,2021-01-17,362,7.16868995064004,0.00163629856318803,0.00163629856318767,0.00564275867590129,0.00564275867590067
37169,2021-01-10,355,"Stokes","North Carolina",6.57028254202734,0.0141131374764646,-110.54372144281,6.66907450436259,0.014113137476464,-110.54372144283,6.66907450436259,2021-01-17,362,6.65654288631175,0.000157041450972292,0.000157041450972181,0.0018826015643369,0.00188260156433623
37171,2021-01-10,355,"Surry","North Carolina",7.19282680406117,0.016681496007878,-76.1859560236247,7.30959727611632,0.0166814960078785,-76.1859560236131,7.30959727611632,2021-01-17,362,7.24738578831161,0.00387026921487569,0.00387026921487602,0.00858399009268196,0.00858399009268232
37173,2021-01-10,355,"Swain","North Carolina",5.57703076901706,0.0224114326770762,106.152420758821,5.73391079775659,0.0224114326770755,106.152420758813,5.73391079775658,2021-01-17,362,5.73841391862584,2.02780975631017e-05,2.02780975631497e-05,0.000784732668836709,0.000784732668837638
37175,2021-01-10,355,"Transylvania","North Carolina",5.8406416573734,0.0454527163933456,226.500712810456,6.15881067212682,0.0454527163933447,226.500712810454,6.15881067212681,2021-01-17,362,6.16841456010002,9.22346642019142e-05,9.22346642020336e-05,0.0015569459347511,0.00155694593475211
37177,2021-01-10,355,"Tyrrell","North Carolina",3.42472787907235,0.0623703307264605,300.090432595391,3.86132019415757,0.062370330726456,300.090432595387,3.86132019415754,2021-01-17,362,3.88303546855489,0.000471553142150994,0.000471553142152344,0.00559234510556857,0.00559234510557658
37179,2021-01-10,355,"Union","North Carolina",8.29240543198954,0.022099747452426,-20.2262531434153,8.44710366415652,0.0220997474524243,-20.2262531434443,8.44710366415651,2021-01-17,362,8.41582469702795,0.000978373784630248,0.00097837378462947,0.00371668472842805,0.00371668472842657
37181,2021-01-10,355,"Vance","North Carolina",6.48703148991333,0.00589199740537666,-745.990214964061,6.52827547175097,0.00589199740537527,-745.99021496432,6.52827547175096,2021-01-17,362,6.63143696518067,0.0106422937266464,0.0106422937266484,0.0155564312789771,0.0155564312789786
37183,2021-01-10,355,"Wake","North Carolina",9.45175035723995,0.0141719705739483,-311.932682926586,9.55095415125759,0.0141719705739476,-311.932682926618,9.55095415125758,2021-01-17,362,9.55305836928571,4.42773350988437e-06,4.42773350990679e-06,0.000220266426392816,0.000220266426393374
37185,2021-01-10,355,"Warren","North Carolina",5.1664172956556,-0.0169701042184612,659.442284451926,5.04762656612637,0,354,5.1664172956556,2021-01-17,362,5.38972383287189,0.117030539914756,0.0498658095635312,0.0634721327759081,0.0414319071144883
37187,2021-01-10,355,"Washington","North Carolina",5.07517381523383,0.0447358938413932,241.552533560023,5.38832507212358,0.0447358938413913,241.552533560018,5.38832507212357,2021-01-17,362,5.39297798478357,2.16495962214737e-05,2.16495962215976e-05,0.000862772418711147,0.000862772418713617
37189,2021-01-10,355,"Watauga","North Carolina",6.2449987321272,0.030390633705009,149.509098008776,6.45773316806226,0.0303906337050091,149.509098008776,6.45773316806226,2021-01-17,362,6.4085287910595,0.00242107071623028,0.00242107071623028,0.00767795208650856,0.00767795208650856
37191,2021-01-10,355,"Wayne","North Carolina",7.05518957677565,0.00680316805376645,-682.044729898987,7.10281175315201,0.00680316805376613,-682.044729899036,7.10281175315201,2021-01-17,362,7.14451992624831,0.00173957170303091,0.00173957170303113,0.00583778525735057,0.00583778525735095
37193,2021-01-10,355,"Wilkes","North Carolina",6.91373735065968,0.019501621765061,0.478851248859361,7.05024870301511,0.0195016217650599,0.478851248838264,7.0502487030151,2021-01-17,362,7.00189594400174,0.00233798930420477,0.00233798930420399,0.00690566660802624,0.0069056666080251
37195,2021-01-10,355,"Wilson","North Carolina",7.09340462586877,0.0285235054084758,106.313713925184,7.2930691637281,0.0285235054084749,106.313713925177,7.29306916372809,2021-01-17,362,7.2698156951972,0.000540723798717218,0.000540723798716929,0.00319863246963126,0.0031986324696304
37197,2021-01-10,355,"Yadkin","North Carolina",6.44707943890162,0.0175904021585824,-11.5112020054687,6.57021225401169,0.0175904021585813,-11.5112020054908,6.57021225401169,2021-01-17,362,6.56747580401797,7.48815856815524e-06,7.48815856811635e-06,0.000416666931920849,0.000416666931919767
37199,2021-01-10,355,"Yancey","North Carolina",5.56779909878439,-0.0199844620089262,633.606404130244,5.42790786472191,0,354,5.56779909878439,2021-01-17,362,5.4236905714711,1.778556236335e-05,0.0207672676444068,0.000777568925667671,0.0265701970667932
38003,2021-01-10,355,"Barnes","North Dakota",4.30599373411057,-0.00767758089903574,915.852928902563,4.25225066781733,0,354,4.30599373411057,2021-01-17,362,3.99951045955126,0.0638776128743728,0.093931997584599,0.0631927859227101,0.076630197035089
38005,2021-01-10,355,"Benson","North Dakota",4.44096917030733,-0.0635911027815349,424.836328921109,3.99583145083659,0,354,4.44096917030733,2021-01-17,362,3.92338676407846,0.00524823263948298,0.267891547237667,0.0184648343674427,0.131922351109435
38009,2021-01-10,355,"Bottineau","North Dakota",3.3722098447889,-0.0337381396318494,454.952453857458,3.13604286736596,0,354,3.3722098447889,2021-01-17,362,3.08452777233712,0.0026538050158296,0.0827609748101499,0.0167011286106202,0.0932661637971906
38011,2021-01-10,355,"Bowman","North Dakota",3.41538201665411,0.0189579137446118,174.84399429896,3.54808741286639,0.0189579137446114,174.843994298956,3.54808741286639,2021-01-17,362,3.43398720448515,0.013018857552644,0.0130188575526434,0.033226742438708,0.0332267424387073
38015,2021-01-10,355,"Burleigh","North Dakota",6.35013749370939,-0.0282886899422014,579.476195493103,6.15211666411398,0,354,6.35013749370939,2021-01-17,362,6.2363695902037,0.00709855555468083,0.0129431358680786,0.0135099315188236,0.0182426493266843
38017,2021-01-10,355,"Cass","North Dakota",7.14609703595901,-0.019837940212765,715.223740938626,7.00723145446965,0,354,7.14609703595901,2021-01-17,362,6.99025650049388,0.000288149062479562,0.0242862724940575,0.0024283735474617,0.0222939652434952
38021,2021-01-10,355,"Dickey","North Dakota",4.44265125649032,-0.0265355536259679,522.422595326698,4.25690238110854,0,354,4.44265125649032,2021-01-17,362,4.0943445622221,0.0264250444811169,0.121317553272053,0.0397030138563172,0.0850701959678698
38027,2021-01-10,355,"Eddy","North Dakota",3.35240721749272,-6.28036983473555e-16,5337913698889846,3.35240721749272,0,354,3.35240721749272,2021-01-17,362,3.34739467566918,2.51255755327605e-05,2.5125575532805e-05,0.00149744571800163,0.00149744571800296
38029,2021-01-10,355,"Emmons","North Dakota",3.36235754834589,0.0825210236880086,314.254534201392,3.94000471416195,0.0825210236880038,314.254534201389,3.94000471416192,2021-01-17,362,3.55534806148941,0.147960740445243,0.147960740445217,0.108190997342578,0.108190997342568
38035,2021-01-10,355,"Grand Forks","North Dakota",5.85752490789686,-0.00691762677212302,1201.75353280142,5.80910152049199,0,354,5.85752490789686,2021-01-17,362,5.79779310911844,0.000127880167793495,0.00356788778530487,0.00195046824899071,0.010302506083646
38045,2021-01-10,355,"LaMoure","North Dakota",3.73084365321297,0.0277795641070756,220.698265140787,3.9253006019625,0.027779564107075,220.698265140785,3.92530060196249,2021-01-17,362,3.72051653905712,0.0419365124200338,0.0419365124200323,0.0550418364642657,0.0550418364642648
38049,2021-01-10,355,"McHenry","North Dakota",3.36235754834589,0.00995033085316771,17.0858544341287,3.43200986431807,0.00995033085316832,17.0858544341495,3.43200986431807,2021-01-17,362,3.07136968775961,0.130061336948113,0.130061336948116,0.117419983011397,0.117419983011399
38053,2021-01-10,355,"McKenzie","North Dakota",4.22995712105045,-0.014448135747387,647.768367837037,4.12882017081874,0,354,4.22995712105045,2021-01-17,362,4.22370058343614,0.00900229269844885,3.91442629192092e-05,0.0224638112345111,0.00148129288303262
38055,2021-01-10,355,"McLean","North Dakota",3.54715129428523,-0.0442728236779924,435.120285981409,3.23724152853929,0,354,3.54715129428523,2021-01-17,362,3.35739475900376,0.014436798791049,0.0360075426820289,0.0357876386571018,0.056518982396273
38057,2021-01-10,355,"Mercer","North Dakota",4.06290303638728,-0.0170527883827214,593.254468723953,3.94353351770823,0,354,4.06290303638728,2021-01-17,362,3.81299162482197,0.0170411857983287,0.0624557136305674,0.0342360817255555,0.0655420824788678
38059,2021-01-10,355,"Morton","North Dakota",5.39880890509436,-0.0191944472561492,636.269308412347,5.26444777430131,0,354,5.39880890509436,2021-01-17,362,5.29402244226516,0.000874660985171437,0.010980202792256,0.0055864266323712,0.0197933544808262
38061,2021-01-10,355,"Mountrail","North Dakota",4.25459902498738,-0.0160969270421746,619.311257287814,4.14192053569215,0,354,4.25459902498738,2021-01-17,362,4.0943445622221,0.00226347325162329,0.0256814928361872,0.0116199242020397,0.0391404436851553
38063,2021-01-10,355,"Nelson","North Dakota",3.41538201665411,-0.00468384931242861,1084.18272746123,3.38259507146711,0,354,3.41538201665411,2021-01-17,362,3.35240721749272,0.000911306527578829,0.00396582532941691,0.00900482907233543,0.0187849491651211
38069,2021-01-10,355,"Pierce","North Dakota",3.3964241029095,-0.0870113769896291,394.034252995609,2.7873444639821,0,354,3.3964241029095,2021-01-17,362,3.09104245335832,0.0922324687511587,0.0932579518826017,0.0982509926533886,0.0987956827378401
38071,2021-01-10,355,"Ramsey","North Dakota",4.88280192258637,-0.0277499129529047,530.957377987928,4.68855253191604,0,354,4.88280192258637,2021-01-17,362,4.69527202068527,4.51515293199022e-05,0.0351674641070349,0.00143111809915037,0.039940157050523
38073,2021-01-10,355,"Ransom","North Dakota",4.04805127825126,0.0252538673212042,194.705688369862,4.22482834949969,0.0252538673212026,194.705688369852,4.22482834949967,2021-01-17,362,4.00733318523247,0.0473041464796226,0.0473041464796176,0.0542742902109342,0.0542742902109313
38077,2021-01-10,355,"Richland","North Dakota",5.01538589685486,-0.0426780908125131,472.516641475076,4.71663926116726,0,354,5.01538589685486,2021-01-17,362,4.73870157861261,0.000486745851059318,0.0765542119611751,0.00465577270046358,0.0583882132377812
38079,2021-01-10,355,"Rolette","North Dakota",5.47046833013762,-0.00180234353385794,3390.19735687015,5.45785192540061,0,354,5.47046833013762,2021-01-17,362,5.32021863050114,0.018942923864886,0.0225749722408527,0.0258698569473096,0.0282412641418701
38085,2021-01-10,355,"Sioux","North Dakota",3.88303546855489,0.0029455102297579,-963.289588447312,3.9036540401632,0.00294551022975797,-963.28958844728,3.9036540401632,2021-01-17,362,3.76451686831956,0.0193591525886479,0.019359152588648,0.0369601669246216,0.0369601669246217
38089,2021-01-10,355,"Stark","North Dakota",5.37329230971254,-0.00726315507246977,1094.8014025722,5.32245022420525,0,354,5.37329230971254,2021-01-17,362,5.26932982967478,0.00282177631507235,0.0108081972556005,0.0100810532358997,0.0197297347856798
38093,2021-01-10,355,"Stutsman","North Dakota",5.57432440741932,-0.0214485434074834,614.892912144068,5.42418460356693,0,354,5.57432440741932,2021-01-17,362,5.23187226713988,0.0369840347420305,0.117273468381965,0.0367578424333706,0.0654549887294252
38095,2021-01-10,355,"Towner","North Dakota",3.47462485021697,-0.0432968057533265,435.251297751913,3.17154720994369,0,354,3.47462485021697,2021-01-17,362,3.25809653802148,0.00749078619071786,0.0468845099822279,0.0265643841635072,0.0664585317435008
38097,2021-01-10,355,"Traill","North Dakota",3.93741223943297,-0.0489227989597363,435.482153988644,3.59495264671481,0,354,3.93741223943297,2021-01-17,362,3.77767495289707,0.0333874411765618,0.0255160007098518,0.0483689858075605,0.042284550292872
38099,2021-01-10,355,"Walsh","North Dakota",4.69657665231195,0.00785344350557225,-243.027686705785,4.75155075685095,0.00785344350557171,-243.027686705827,4.75155075685095,2021-01-17,362,4.72485617179056,0.000712600871546321,0.000712600871546131,0.00564981961139194,0.00564981961139119
38101,2021-01-10,355,"Ward","North Dakota",5.93715920225044,0.0163470661690252,-8.19417446907522,6.05158866543362,0.0163470661690237,-8.19417446910747,6.05158866543361,2021-01-17,362,5.98393628068719,0.00457684516187829,0.00457684516187696,0.011305665965189,0.0113056659651874
38105,2021-01-10,355,"Williams","North Dakota",5.44118008660145,0.00621120009264418,-521.027177589294,5.48465848724995,0.00621120009264331,-521.027177589417,5.48465848724995,2021-01-17,362,5.42683621734901,0.00334341489649732,0.0033434148964966,0.0106548765404214,0.0106548765404203
39001,2021-01-10,355,"Adams","Ohio",5.94579451027479,0.0230677651459409,97.2466167546777,6.10726886629638,0.0230677651459406,97.2466167546738,6.10726886629638,2021-01-17,362,5.94766192444959,0.0254743758856846,0.0254743758856838,0.0268352411206628,0.0268352411206623
39003,2021-01-10,355,"Allen","Ohio",7.42960562087986,-0.00372313850282518,2350.52222278117,7.40354365136008,0,354,7.42960562087986,2021-01-17,362,7.38496502454961,0.000345165374162779,0.00199278284072012,0.00251573660114996,0.00604479454971693
39005,2021-01-10,355,"Ashland","Ohio",6.77373397045004,-0.0123378188423353,904.02199951316,6.6873692385537,0,354,6.77373397045004,2021-01-17,362,6.68995457207842,6.68394943406244e-06,0.00701898759151104,0.000386450086748633,0.0125231640168812
39007,2021-01-10,355,"Ashtabula","Ohio",6.63463335786169,-0.00374742803173249,2125.44983964492,6.60840136163956,0,354,6.63463335786169,2021-01-17,362,6.58617165485467,0.000494159863741928,0.00234853665833977,0.00337520914270412,0.00735809899082879
39009,2021-01-10,355,"Athens","Ohio",6.38036463834145,0.00704484876443999,-550.678014061476,6.42967857969253,0.00704484876443878,-550.678014061631,6.42967857969252,2021-01-17,362,6.48441710933926,0.00299630662788608,0.00299630662788706,0.00844154975285187,0.00844154975285324
39011,2021-01-10,355,"Auglaize","Ohio",6.52377205968987,-0.00460348165977501,1772.13870974968,6.49154768807145,0,354,6.52377205968987,2021-01-17,362,6.5091948500475,0.000311422325809121,0.000212495040957611,0.00271111287687542,0.00223947968653355
39013,2021-01-10,355,"Belmont","Ohio",6.73101810048208,0.0111426540713317,-249.076735882874,6.80901667898141,0.0111426540713317,-249.076735882873,6.80901667898141,2021-01-17,362,6.84008805904302,0.0009654306589331,0.0009654306589331,0.00454254094295366,0.00454254094295366
39015,2021-01-10,355,"Brown","Ohio",6.65101801037978,0.00221852559102577,-2642.9451385569,6.66654768951696,0.00221852559102587,-2642.94513855677,6.66654768951696,2021-01-17,362,6.6547046505,0.000140257573157304,0.000140257573157325,0.00177964908120648,0.00177964908120662
39017,2021-01-10,355,"Butler","Ohio",8.55178783618074,-0.00780781444892106,1450.28574124382,8.49713313503829,0,354,8.55178783618074,2021-01-17,362,8.55176023588817,0.0029841201472633,7.6177614968523e-10,0.00638781950651936,3.2274399426429e-06
39019,2021-01-10,355,"Carroll","Ohio",5.95583736946483,0.0104167608582559,-216.755217433498,6.02875469547262,0.0104167608582557,-216.755217433506,6.02875469547262,2021-01-17,362,6.09163303606338,0.00395368571544779,0.0039536857154479,0.01032208280087,0.0103220828008701
39021,2021-01-10,355,"Champaign","Ohio",6.33150184989369,0.0148530259383466,-71.2768998165846,6.43547303146212,0.014853025938347,-71.2768998165712,6.43547303146212,2021-01-17,362,6.43408780318308,1.91885738504251e-06,1.91885738505236e-06,0.000215295209112818,0.00021529520911337
39023,2021-01-10,355,"Clark","Ohio",7.54153151582847,-0.00694919331013177,1440.23841246913,7.49288716265754,0,354,7.54153151582847,2021-01-17,362,7.59818448347503,0.0110875257713416,0.00320955874316317,0.0138582211377596,0.00745611899392294
39025,2021-01-10,355,"Clermont","Ohio",8.25002311178162,0.00666544313862102,-882.730626487412,8.29668121375197,0.00666544313862083,-882.730626487447,8.29668121375196,2021-01-17,362,8.27839198196847,0.000334495999230463,0.000334495999230398,0.00220927347041952,0.00220927347041931
39027,2021-01-10,355,"Clinton","Ohio",6.47190459838065,-0.0133847308133006,838.528932232946,6.37821148268754,0,354,6.47190459838065,2021-01-17,362,6.4220867359988,0.00192503785312683,0.00248181941229681,0.00683193097740554,0.00775727025027491
39029,2021-01-10,355,"Columbiana","Ohio",7.13009851012558,-0.00729347962456991,1332.59901681305,7.07904415275359,0,354,7.13009851012558,2021-01-17,362,7.11685785845374,0.00142987633877734,0.000175314856695063,0.00531325852675703,0.00186046313347604
39031,2021-01-10,355,"Coshocton","Ohio",6.08352269152593,-0.0263596103965289,585.789552653139,5.89900541875023,0,354,6.08352269152593,2021-01-17,362,5.96063708331272,0.00379846207674391,0.0151008727059298,0.0103397780641666,0.0206161869101602
39033,2021-01-10,355,"Crawford","Ohio",6.55860298920355,-0.0166720744269148,748.388538298245,6.44189846821515,0,354,6.55860298920355,2021-01-17,362,6.51216977786842,0.0049380569603859,0.00215604311489303,0.0107907674477542,0.00713022125020989
39035,2021-01-10,355,"Cuyahoga","Ohio",9.70511500795193,-0.0109925009054945,1237.88507696196,9.62816750161347,0,354,9.70511500795193,2021-01-17,362,9.66231640476883,0.00116614758671406,0.00183172043442471,0.00353423565580034,0.00442943507438648
39037,2021-01-10,355,"Darke","Ohio",6.54617034154585,-0.015062364961576,789.60441691893,6.44073378681482,0,354,6.54617034154585,2021-01-17,362,6.39859493453521,0.00177568287144279,0.0217785007543566,0.00658564149016115,0.0230637207887831
39039,2021-01-10,355,"Defiance","Ohio",6.4659225267031,-0.0191488188387596,692.666912050745,6.33188079483178,0,354,6.4659225267031,2021-01-17,362,6.3919171133926,0.00360435954633644,0.00547680119925729,0.0093925370895425,0.0115779682367027
39041,2021-01-10,355,"Delaware","Ohio",8.07611570940435,0.00574547844841584,-1050.6472027375,8.11633405854326,0.00574547844841256,-1050.64720273831,8.11633405854324,2021-01-17,362,8.07576035915853,0.00164622508176272,0.00164622508176084,0.00502413365185109,0.00502413365184824
39043,2021-01-10,355,"Erie","Ohio",7.21775781472244,-0.00730768467615432,1342.69420611082,7.16660402198936,0,354,7.21775781472244,2021-01-17,362,7.19722147322742,0.00093742832031529,0.000421741321999886,0.00425406545455872,0.00285337078640797
39045,2021-01-10,355,"Fairfield","Ohio",7.84703682778145,0.00201241053996317,-3544.32206771539,7.86112370156119,0.00201241053996348,-3544.32206771479,7.86112370156119,2021-01-17,362,7.90617884039481,0.00202996553531723,0.00202996553531707,0.00569872497740959,0.00569872497740936
39047,2021-01-10,355,"Fayette","Ohio",6.31793798231359,-0.00821149084150596,1124.40206160601,6.26045754642305,0,354,6.31793798231359,2021-01-17,362,6.34111487610975,0.00650560483218882,0.000537168406038359,0.0127197395509387,0.00365501875442703
39049,2021-01-10,355,"Franklin","Ohio",9.7859901903569,-0.00565557089721364,2085.32755988935,9.74640119407641,0,354,9.7859901903569,2021-01-17,362,9.78103739277956,0.00119966626060439,2.45302038421096e-05,0.00354115798889829,0.000506367308338547
39051,2021-01-10,355,"Fulton","Ohio",6.62425492712703,-0.0126285723178425,879.545036477943,6.53585492090213,0,354,6.62425492712703,2021-01-17,362,6.5602220950015,0.000593759173588805,0.00410020359001646,0.00371438249292386,0.00976077199799691
39053,2021-01-10,355,"Gallia","Ohio",6.04365030027855,-0.0207991395859172,645.572130414982,5.89805632317713,0,354,6.04365030027855,2021-01-17,362,5.8571164945769,0.00167606956581592,0.0347948606695396,0.00698975829456911,0.0318473784624837
39055,2021-01-10,355,"Geauga","Ohio",6.85811475335787,0.00753469507960273,-555.204683919268,6.91085761891509,0.00753469507960158,-555.204683919407,6.91085761891508,2021-01-17,362,6.9030298459748,6.12740292045872e-05,6.12740292044621e-05,0.00113396191454176,0.0011339619145406
39057,2021-01-10,355,"Greene","Ohio",7.76732447636058,-0.00861113923103622,1257.00892912817,7.70704650174333,0,354,7.76732447636058,2021-01-17,362,7.78125779888249,0.00550731662307755,0.000194137476499621,0.00953718525426874,0.00179062599929706
39059,2021-01-10,355,"Guernsey","Ohio",6.34388043412633,-0.00600752745449985,1410.98858801295,6.30182774194483,0,354,6.34388043412633,2021-01-17,362,6.26421425610895,0.0014147743167259,0.00634669991989659,0.00600450180949641,0.0127176649393316
39061,2021-01-10,355,"Hamilton","Ohio",9.31339967043502,0.00187032875557687,-4624.55220046995,9.32649197172406,0.00187032875557591,-4624.5522004725,9.32649197172405,2021-01-17,362,9.35514547682408,0.000821023354517016,0.000821023354517423,0.00306286045160998,0.00306286045161074
39063,2021-01-10,355,"Hancock","Ohio",7.05592894834353,-0.0107817756032805,1009.4310703514,6.98045651912057,0,354,7.05592894834353,2021-01-17,362,6.98511306680071,2.16834362974597e-05,0.00501488907868655,0.000666638841148685,0.010138115283974
39065,2021-01-10,355,"Hardin","Ohio",5.96797656580077,-0.00219138144670541,3078.38554968293,5.95263689567383,0,354,5.96797656580077,2021-01-17,362,5.93753620508243,0.000228030856337343,0.000926615560662826,0.00254325869684448,0.00512676633319496
39067,2021-01-10,355,"Harrison","Ohio",5.62091833015302,-0.0102934516683495,901.067394228537,5.54886416847457,0,354,5.62091833015302,2021-01-17,362,5.49541024066231,0.00285732239855888,0.0157522805276085,0.00972701317487503,0.0228387115782616
39069,2021-01-10,355,"Henry","Ohio",6.05141667394278,0.00100959120135415,-5638.92770640841,6.05848381235226,0.00100959120135347,-5638.92770641247,6.05848381235226,2021-01-17,362,6.04872216237651,9.5289810249056e-05,9.52898102489693e-05,0.00161383672678305,0.00161383672678231
39071,2021-01-10,355,"Highland","Ohio",6.34237289615238,0.00176167152645605,-3245.20174073616,6.35470459683757,0.00176167152645501,-3245.20174073827,6.35470459683756,2021-01-17,362,6.40805798125796,0.00284658362910984,0.0028465836291106,0.00832598340658515,0.00832598340658626
39073,2021-01-10,355,"Hocking","Ohio",5.80942866379119,-0.0161499472711196,714.71811958668,5.69637903289335,0,354,5.80942866379119,2021-01-17,362,5.74071118588931,0.00196533978925687,0.00472209176919552,0.00772241479503877,0.0119702029377107
39075,2021-01-10,355,"Holmes","Ohio",5.68406555797248,0.0141846349919564,-45.7199029933249,5.78335800291617,0.0141846349919561,-45.7199029933323,5.78335800291617,2021-01-17,362,5.71042701737487,0.00531892865202538,0.00531892865202512,0.0127715467371173,0.012771546737117
39077,2021-01-10,355,"Huron","Ohio",6.82483940008333,-0.00387267155835436,2117.30782736026,6.79773069917485,0,354,6.82483940008333,2021-01-17,362,6.83056564029101,0.00107813335810166,3.27898269160369e-05,0.00480706032930541,0.000838325917534817
39079,2021-01-10,355,"Jackson","Ohio",6.31768028356201,0.000515596814721705,-11898.1406385278,6.32128946126506,0.000515596814721242,-11898.1406385388,6.32128946126505,2021-01-17,362,6.29289101681624,0.000806471647112772,0.000806471647112571,0.00451278186336502,0.00451278186336446
39081,2021-01-10,355,"Jefferson","Ohio",6.85375154775982,-0.0217756553518696,669.743755676284,6.70132196029673,0,354,6.85375154775982,2021-01-17,362,6.75975232974111,0.00341410807340709,0.00883585298812796,0.00864386246627779,0.0139057192384302
39083,2021-01-10,355,"Knox","Ohio",6.76223392585293,-0.00362857069744747,2218.60815034136,6.7368339309708,0,354,6.76223392585293,2021-01-17,362,6.72314539167017,0.000187376108184943,0.00152791350455713,0.00203603202120122,0.00581402482105981
39085,2021-01-10,355,"Lake","Ohio",8.08231398488214,0.00713133932706366,-778.35148058507,8.13223336017159,0.00713133932706178,-778.35148058537,8.13223336017157,2021-01-17,362,8.10085489818444,0.000984607876679073,0.000984607876678293,0.00387347537778802,0.00387347537778648
39087,2021-01-10,355,"Lawrence","Ohio",6.82716480226291,0.0141912713011949,-126.081973373876,6.92650370137127,0.0141912713011951,-126.081973373869,6.92650370137127,2021-01-17,362,6.89307664444147,0.00111736813498804,0.00111736813498816,0.00484936678554917,0.00484936678554943
39089,2021-01-10,355,"Licking","Ohio",7.86299196099095,0.00379945943153154,-1714.50280761951,7.88958817701167,0.0037994594315327,-1714.50280761888,7.88958817701167,2021-01-17,362,7.90412388274672,0.000211286741216208,0.000211286741215976,0.00183900277256372,0.00183900277256271
39091,2021-01-10,355,"Logan","Ohio",6.32895667162994,0.0208582301204116,51.5726892888911,6.47496428247282,0.0208582301204103,51.5726892888726,6.47496428247281,2021-01-17,362,6.46079830918565,0.000200674799172794,0.000200674799172542,0.00219260416580855,0.00219260416580717
39093,2021-01-10,355,"Lorain","Ohio",8.34079690264166,-0.00608235110489739,1726.31131675806,8.29822044490738,0,354,8.34079690264166,2021-01-17,362,8.33669853624938,0.00148056351332317,1.67966070853921e-05,0.0046155071068828,0.000491605444824745
39095,2021-01-10,355,"Lucas","Ohio",8.60943372962288,-0.001978137032339,4707.29389515187,8.59558677039651,0,354,8.60943372962288,2021-01-17,362,8.63421403191377,0.00149206533232302,0.000614063381627927,0.00447374380279304,0.0028700125106116
39097,2021-01-10,355,"Madison","Ohio",6.44911540838672,-0.0145824232942684,797.252654325396,6.34703844532684,0,354,6.44911540838672,2021-01-17,362,6.39239558230125,0.00205726987451576,0.00321713867116541,0.00709548343660009,0.0088730156566822
39099,2021-01-10,355,"Mahoning","Ohio",8.1313206044999,-0.0181160602553595,803.845968156587,8.00450818271238,0,354,8.1313206044999,2021-01-17,362,7.94858711164268,0.00312716618958214,0.0333915294117973,0.00703534732453105,0.0229894307366343
39101,2021-01-10,355,"Marion","Ohio",6.79634475283104,-0.0178844681402767,735.013803011863,6.6711534758491,0,354,6.79634475283104,2021-01-17,362,6.70213585077969,0.000959907556339347,0.00887531722572122,0.00462276140328919,0.01405654915819
39103,2021-01-10,355,"Medina","Ohio",7.78655180642871,-0.00874193399465629,1245.71271999862,7.72535826846612,0,354,7.78655180642871,2021-01-17,362,7.75833346749091,0.00108736375072468,0.000796274652408629,0.00425029410800217,0.00363716499890629
39105,2021-01-10,355,"Meigs","Ohio",5.43994092906989,0.00497204256109105,-739.105865392304,5.47474522699753,0.00497204256109196,-739.105865392104,5.47474522699754,2021-01-17,362,5.47227067367148,6.12341416349676e-06,6.12341416352754e-06,0.00045219863446487,0.000452198634466006
39107,2021-01-10,355,"Mercer","Ohio",6.09582456243222,-0.00769234562315342,1147.45328552116,6.04197814307015,0,354,6.09582456243222,2021-01-17,362,6.09356977004514,0.002661695973926,5.08408870887466e-06,0.0084665686817274,0.000370028156266164
39109,2021-01-10,355,"Miami","Ohio",7.43383538778159,-0.00252929904674564,3294.0891509434,7.41613029445438,0,354,7.43383538778159,2021-01-17,362,7.41500308140025,1.27060926939957e-06,0.000354655763640978,0.000152017880741928,0.00253975705399062
39111,2021-01-10,355,"Monroe","Ohio",5.63376867403514,0.0133678083179931,-66.4429575902924,5.7273433322611,0.0133678083179936,-66.4429575902794,5.7273433322611,2021-01-17,362,5.67919699918359,0.00231806938881032,0.00231806938881058,0.00847766560737884,0.00847766560737931
39113,2021-01-10,355,"Montgomery","Ohio",8.98633931024784,-0.00497402592596842,2161.65309027279,8.95152112876607,0,354,8.98633931024784,2021-01-17,362,8.9737315697084,0.000493303686853007,0.000158955121509895,0.00247505073779001,0.00140496073918689
39115,2021-01-10,355,"Morgan","Ohio",4.96284463025991,-0.00299252093645316,2013.41600966109,4.94189698370474,0,354,4.96284463025991,2021-01-17,362,5.03137119257543,0.00800563405303724,0.00469588974278367,0.0177832653259077,0.0136198582240657
39117,2021-01-10,355,"Morrow","Ohio",6.25547580618329,0.0107542743350704,-226.673445486116,6.33075572652879,0.0107542743350697,-226.673445486152,6.33075572652878,2021-01-17,362,6.283067494303,0.00227416749282076,0.00227416749282034,0.00758996020160993,0.00758996020160922
39119,2021-01-10,355,"Muskingum","Ohio",7.36951069937138,0.00867998216418683,-494.02371456218,7.43027057452068,0.00867998216418897,-494.023714561971,7.4302705745207,2021-01-17,362,7.41491705619481,0.000235730524983029,0.000235730524983493,0.00207062576823425,0.00207062576823629
39121,2021-01-10,355,"Noble","Ohio",5.3942766862648,-0.00259235401173189,2435.84106640243,5.37613020818268,0,354,5.3942766862648,2021-01-17,362,5.32787616878958,0.00232845231775062,0.00440902872097709,0.00905689957205975,0.0124628492426666
39123,2021-01-10,355,"Ottawa","Ohio",6.49050673233364,-0.00928030832221845,1054.38481642839,6.42554457407811,0,354,6.49050673233364,2021-01-17,362,6.45519856334012,0.000879359079151708,0.00124666679767454,0.00459381519732388,0.005469726244214
39125,2021-01-10,355,"Paulding","Ohio",5.5834963087817,0.0016124701155667,-3107.69754389798,5.59478359959067,0.00161247011556664,-3107.6975438981,5.59478359959067,2021-01-17,362,5.62607830032213,0.000979358293871831,0.000979358293871831,0.00556243604531263,0.00556243604531263
39127,2021-01-10,355,"Perry","Ohio",6.25245424091231,-0.00576054260642116,1440.39328117161,6.21213044266736,0,354,6.25245424091231,2021-01-17,362,6.16030275356465,0.00268610935772692,0.00849189662038518,0.00841317240012556,0.0149589218312903
39129,2021-01-10,355,"Pickaway","Ohio",7.18927554932011,-0.00086206901889847,8694.55912080727,7.18324106618782,0,354,7.18927554932011,2021-01-17,362,7.09660311227737,0.00750613505779046,0.00858818058744178,0.0122083696297698,0.0130587036609698
39131,2021-01-10,355,"Pike","Ohio",5.69228809523047,0.000481811620981758,-11459.3437130712,5.69566077657734,0.000481811620983486,-11459.3437130288,5.69566077657735,2021-01-17,362,5.71089994242506,0.000232232175734471,0.000232232175734092,0.0026684350980336,0.00266843509803142
39133,2021-01-10,355,"Portage","Ohio",7.5247154045157,0.00293345895088312,-2210.13403818055,7.54524961717188,0.00293345895088226,-2210.1340381813,7.54524961717187,2021-01-17,362,7.5552324227089,9.96564063899067e-05,9.96564063900308e-05,0.00132131018325948,0.0013213101832603
39135,2021-01-10,355,"Preble","Ohio",6.29051037821008,-0.00554603296641218,1489.23602353368,6.25168814744519,0,354,6.29051037821008,2021-01-17,362,6.28892013138674,0.00138622062822402,2.52888495911956e-06,0.00592025072090438,0.000252864846445742
39137,2021-01-10,355,"Putnam","Ohio",6.18178970376246,-0.00676771745979279,1268.42313571579,6.13441568154391,0,354,6.18178970376246,2021-01-17,362,6.17170059741091,0.00139016495120971,0.000101790066972753,0.00604127100440473,0.00163473684316051
39139,2021-01-10,355,"Richland","Ohio",7.59782630445333,-0.0185275929807899,765.081671824886,7.4681331535878,0,354,7.59782630445333,2021-01-17,362,7.48034772914334,0.000149195856001937,0.0138012156568654,0.00163288873697005,0.0157049617964011
39141,2021-01-10,355,"Ross","Ohio",7.09031490267401,-0.00249628658603614,3195.34491165244,7.07284089657176,0,354,7.09031490267401,2021-01-17,362,7.0426607271598,0.000910842625734318,0.00227092044393895,0.00428533626439881,0.00676650166185506
39143,2021-01-10,355,"Sandusky","Ohio",6.8903184224707,-0.00101707237245629,7129.6589220885,6.88319891586351,0,354,6.8903184224707,2021-01-17,362,6.82235299631597,0.00370222592558505,0.00461929915239385,0.00891861203610998,0.00996216791940103
39145,2021-01-10,355,"Scioto","Ohio",7.08170858610557,0.00469286704466963,-1154.03669733182,7.11455865541826,0.0046928670446702,-1154.03669733163,7.11455865541827,2021-01-17,362,7.11558212618445,1.04749240925015e-06,1.04749240924106e-06,0.000143835142092732,0.000143835142092108
39147,2021-01-10,355,"Seneca","Ohio",6.78478021662333,-0.00740386449902846,1271.38362878111,6.73295316513013,0,354,6.78478021662333,2021-01-17,362,6.76289464606197,0.000896492280391905,0.000478978198796116,0.00442731736909101,0.00323612472273252
39149,2021-01-10,355,"Shelby","Ohio",6.79698332245682,0.0031969336691139,-1771.09457247224,6.81936185814062,0.00319693366911356,-1771.09457247247,6.81936185814062,2021-01-17,362,6.77029782209654,0.00240727963293497,0.00240727963293471,0.00724695387608346,0.00724695387608307
39151,2021-01-10,355,"Stark","Ohio",8.58727879898293,-0.00743083486114077,1510.62772682377,8.53526295495494,0,354,8.58727879898293,2021-01-17,362,8.57295221386622,0.00142048023728152,0.000205251041106217,0.0043962987277965,0.00167113787168129
39153,2021-01-10,355,"Summit","Ohio",8.86185628102172,-0.0090675240437949,1332.31820045033,8.79838361271516,0,354,8.86185628102172,2021-01-17,362,8.84787317507788,0.00244921678285402,0.000195527251836654,0.00559338514278479,0.00158039176954149
39155,2021-01-10,355,"Trumbull","Ohio",7.75313292959909,-0.0231024372012707,690.598052363611,7.59141586919019,0,354,7.75313292959909,2021-01-17,362,7.61403019818764,0.000511407876004651,0.0193495698861262,0.00297008659130708,0.0182692644750163
39157,2021-01-10,355,"Tuscarawas","Ohio",7.1539454897456,-0.0206694288529018,701.11239336404,7.00925948777529,0,354,7.1539454897456,2021-01-17,362,7.07689509907402,0.00457457591575385,0.00593676270264246,0.00955724372791492,0.0108875982465329
39159,2021-01-10,355,"Union","Ohio",6.84936922113926,0.00485806329670236,-1054.8970727262,6.88337566421617,0.00485806329670257,-1054.89707272614,6.88337566421618,2021-01-17,362,6.85148722495675,0.00101687255840219,0.0010168725584023,0.00465423611143473,0.00465423611143499
39161,2021-01-10,355,"Van Wert","Ohio",5.95620739722113,0.00148093325844163,-3666.92830991506,5.96657393003023,0.00148093325844201,-3666.92830991403,5.96657393003023,2021-01-17,362,5.86281915768909,0.0107650527835616,0.0107650527835621,0.0176970787517921,0.0176970787517925
39163,2021-01-10,355,"Vinton","Ohio",5.05259949319529,0.0175039015288686,66.344383144398,5.17512680389737,0.0175039015288672,66.344383144374,5.17512680389736,2021-01-17,362,5.16723195965177,6.23285656621703e-05,6.23285656620161e-05,0.00152786720380265,0.00152786720380076
39165,2021-01-10,355,"Warren","Ohio",8.33193016989635,0.00185860864407062,-4127.88573093484,8.34494043040485,0.00185860864407239,-4127.88573093058,8.34494043040486,2021-01-17,362,8.3373827648084,5.71183092677e-05,5.7118309267888e-05,0.000906479384435393,0.000906479384436884
39167,2021-01-10,355,"Washington","Ohio",6.77471356236511,-0.00455878353833944,1841.07923701349,6.74280207759674,0,354,6.77471356236511,2021-01-17,362,6.76865740178117,0.000668497788682128,3.66770810185006e-05,0.00381986007707071,0.00089473587219069
39169,2021-01-10,355,"Wayne","Ohio",7.11662602815247,-0.0153008449552994,820.113269818975,7.00952011346538,0,354,7.11662602815247,2021-01-17,362,7.07133079295504,0.00382056009897397,0.00205165833159065,0.00874102503467158,0.00640547536576254
39171,2021-01-10,355,"Williams","Ohio",6.41533074058704,-0.00907510591312922,1061.91524727065,6.35180499919513,0,354,6.41533074058704,2021-01-17,362,6.32076829425058,0.000963277053815063,0.00894205625713488,0.00491027411537635,0.0149605937022671
39173,2021-01-10,355,"Wood","Ohio",7.6138891942393,0.00459348533919368,-1302.54076306159,7.64604359161365,0.00459348533919357,-1302.54076306162,7.64604359161365,2021-01-17,362,7.65268135029434,4.40598403031027e-05,4.40598403031145e-05,0.00086737685483752,0.000867376854837636
39175,2021-01-10,355,"Wyandot","Ohio",6.23385034464459,-0.0139161722553413,802.957256511531,6.1364371388572,0,354,6.23385034464459,2021-01-17,362,6.04195394703037,0.00892707353778427,0.0368242274173119,0.015637853690239,0.0317606521493812
40001,2021-01-10,355,"Adair","Oklahoma",6.32640499890071,0.0298219947683952,142.861105602322,6.53515896227947,0.0298219947683949,142.861105602319,6.53515896227947,2021-01-17,362,6.54473370712739,9.16757389026511e-05,9.16757389027022e-05,0.00146296935465634,0.00146296935465675
40003,2021-01-10,355,"Alfalfa","Oklahoma",5.31109255803676,-0.137490400126959,393.628824653448,4.34865975714805,0,354,5.31109255803676,2021-01-17,362,4.92932193822126,0.337168568528705,0.145748806154312,0.117797577100989,0.0774489117570726
40005,2021-01-10,355,"Atoka","Oklahoma",5.75709753342392,-0.0236459823684078,598.470431624599,5.59157565684507,0,354,5.75709753342392,2021-01-17,362,5.7085330774148,0.013679038226325,0.0023585063874621,0.020488174279389,0.00850734424247513
40007,2021-01-10,355,"Beaver","Oklahoma",3.8255309740747,-0.00311042241439269,1584.9072165803,3.80375801717395,0,354,3.8255309740747,2021-01-17,362,4.03044076024262,0.0513850660051348,0.0419880204673816,0.0562426683713422,0.050840540367
40009,2021-01-10,355,"Beckham","Oklahoma",5.99360511160709,0.00214056449911049,-2445.01145216494,6.00858906310087,0.00214056449911126,-2445.01145216393,6.00858906310087,2021-01-17,362,6.10606792984699,0.00950212946210781,0.00950212946210677,0.0159642617583134,0.0159642617583125
40011,2021-01-10,355,"Blaine","Oklahoma",5.10767557813836,0.0139253773316006,-11.78902528175,5.20515321945957,0.0139253773315993,-11.7890252817852,5.20515321945956,2021-01-17,362,5.24174701505964,0.00133910587642017,0.00133910587642088,0.0069812212407317,0.00698122124073356
40013,2021-01-10,355,"Bryan","Oklahoma",6.90661176828006,0.01426023444972,-129.326663255925,7.0064334094281,0.0142602344497194,-129.326663255945,7.00643340942809,2021-01-17,362,6.95994103215271,0.00216154114471714,0.00216154114471673,0.00667999585924786,0.00667999585924722
40015,2021-01-10,355,"Caddo","Oklahoma",6.2947387143196,0.00927281780094375,-323.837743763169,6.35964843892621,0.00927281780094358,-323.837743763181,6.3596484389262,2021-01-17,362,6.41696568197657,0.00328526635089421,0.00328526635089431,0.00893214112261022,0.00893214112261036
40017,2021-01-10,355,"Canadian","Oklahoma",7.93456462917174,0.00765264000181218,-681.840178983043,7.98813310918443,0.00765264000181443,-681.84017898274,7.98813310918444,2021-01-17,362,7.9874274254497,4.9798953345764e-07,4.97989533480204e-07,8.8349314133122e-05,8.83493141351236e-05
40019,2021-01-10,355,"Carter","Oklahoma",7.09150438776728,0.0658390970635815,247.290376022032,7.55237806721235,0.0658390970635754,247.290376022022,7.55237806721231,2021-01-17,362,7.47542021806251,0.00592251054576959,0.00592251054576303,0.0102947856983198,0.0102947856983141
40021,2021-01-10,355,"Cherokee","Oklahoma",6.97874615313176,0.0150156997439753,-109.763299221657,7.08385605133959,0.0150156997439757,-109.763299221647,7.08385605133959,2021-01-17,362,7.04888274822829,0.0012231319305149,0.00122313193051508,0.00496153849630863,0.00496153849630901
40023,2021-01-10,355,"Choctaw","Oklahoma",5.78294567479723,0.0240439009199512,114.483883499177,5.95125298123689,0.0240439009199509,114.483883499174,5.95125298123689,2021-01-17,362,5.78514299495181,0.0275925275436282,0.0275925275436277,0.0287132031878946,0.0287132031878943
40027,2021-01-10,355,"Cleveland","Oklahoma",8.51186473465734,0.0109461157338571,-422.615086631098,8.58848754479434,0.0109461157338551,-422.615086631245,8.58848754479433,2021-01-17,362,8.58290067191166,3.12131486072351e-05,3.12131486070763e-05,0.000650930623135889,0.000650930623134233
40029,2021-01-10,355,"Coal","Oklahoma",5.04434635143857,-0.0227592891457516,576.639011620017,4.88503132741831,0,354,5.04434635143857,2021-01-17,362,4.90949864955462,0.0005986498525221,0.0181839027033821,0.00498367020398965,0.0274666949742783
40031,2021-01-10,355,"Comanche","Oklahoma",7.37918646021906,0.0143680632669204,-158.582542276813,7.4797629030875,0.014368063266919,-158.582542276863,7.47976290308749,2021-01-17,362,7.58237473349954,0.0105291877405089,0.0105291877405109,0.0135329410664302,0.0135329410664314
40033,2021-01-10,355,"Cotton","Oklahoma",4.63334106295479,0.00836824967051768,-198.681025947229,4.69191881064841,0.00836824967051886,-198.681025947151,4.69191881064842,2021-01-17,362,4.7411984588112,0.0024284837230485,0.00242848372304771,0.0103939222521277,0.010393922252126
40035,2021-01-10,355,"Craig","Oklahoma",5.79388430935339,-0.00866556549099887,1023.61006536407,5.73322535091639,0,354,5.79388430935339,2021-01-17,362,5.72218356002709,0.000121921146043056,0.00514099745395195,0.00192964639695147,0.0125303126986639
40037,2021-01-10,355,"Creek","Oklahoma",7.01648155268769,0.0144555950343307,-130.381718014664,7.117670717928,0.014455595034331,-130.381718014653,7.117670717928,2021-01-17,362,7.09019587630954,0.000754866921959708,0.000754866921959805,0.00387504690953125,0.0038750469095315
40039,2021-01-10,355,"Custer","Oklahoma",6.54123612100863,0.00578753165691945,-775.229000680811,6.58174884260706,0.00578753165692003,-775.229000680697,6.58174884260707,2021-01-17,362,6.61702093403478,0.0012441204336851,0.00124412043368478,0.00533050926985775,0.00533050926985707
40041,2021-01-10,355,"Delaware","Oklahoma",6.73594966391616,0.020393132398811,24.6951928626286,6.87870159070784,0.0203931323988096,24.695192862605,6.87870159070783,2021-01-17,362,6.8495206559847,0.000851526951315638,0.000851526951315016,0.00426028859371853,0.00426028859371697
40043,2021-01-10,355,"Dewey","Oklahoma",4.49024021931411,-0.0143200537747494,668.563083626946,4.38999984289087,0,354,4.49024021931411,2021-01-17,362,4.36944785246702,0.000422384310381868,0.0145907958885225,0.00470356693060027,0.0276447667818925
40045,2021-01-10,355,"Ellis","Oklahoma",3.56751859710967,-0.0663010798212471,408.807850591996,3.10341103836094,0,354,3.56751859710967,2021-01-17,362,3.42936825862885,0.106248109444786,0.0190855160223637,0.0950487657450474,0.0402844862558012
40047,2021-01-10,355,"Garfield","Oklahoma",6.92573551844656,0.0162674214607437,-70.7426744096862,7.03960746867177,0.0162674214607437,-70.7426744096879,7.03960746867177,2021-01-17,362,7.01211529430638,0.000755819651336774,0.000755819651336774,0.00392066776022758,0.00392066776022758
40049,2021-01-10,355,"Garvin","Oklahoma",6.50749090927314,0.0241651456713648,85.7075654427203,6.6766469289727,0.024165145671363,85.7075654426995,6.67664692897269,2021-01-17,362,6.60800062529609,0.00471231500846164,0.00471231500845981,0.0103883621641661,0.0103883621641641
40051,2021-01-10,355,"Grady","Oklahoma",6.81939233969288,0.0203364776340846,19.6719032472289,6.96174768313147,0.0203364776340855,19.6719032472444,6.96174768313148,2021-01-17,362,6.99235899798323,0.000937052596953484,0.000937052596953103,0.00437782368734034,0.00437782368733945
40053,2021-01-10,355,"Grant","Oklahoma",4.77671964580014,-0.014337163146399,688.170488263565,4.67635950377534,0,354,4.77671964580014,2021-01-17,362,4.58058471051548,0.00917281102397046,0.0384689128391182,0.0209088575613505,0.0428187551764738
40055,2021-01-10,355,"Greer","Oklahoma",4.15440880296475,0.00224466985382198,-1495.78834461606,4.1701214919415,0.00224466985382321,-1495.78834461504,4.17012149194151,2021-01-17,362,4.24440525679783,0.00551807772123035,0.00551807772122903,0.0175015721548634,0.0175015721548613
40057,2021-01-10,355,"Harmon","Oklahoma",3.71357206670431,0.0797523897733968,308.436228340545,4.27183879511808,0.079752389773398,308.436228340546,4.27183879511809,2021-01-17,362,3.88008995832514,0.153467151128628,0.153467151128636,0.100963854189105,0.100963854189107
40059,2021-01-10,355,"Harper","Oklahoma",3.54302757710137,-6.28036983473555e-16,5641431428935557,3.54302757710137,0,354,3.54302757710137,2021-01-17,362,3.70306408910589,0.0256116851745741,0.0256116851745727,0.0432173216972771,0.0432173216972759
40061,2021-01-10,355,"Haskell","Oklahoma",5.33547551451497,0.0286232455170958,168.596417243172,5.53583823313464,0.0286232455170961,168.596417243174,5.53583823313464,2021-01-17,362,5.44056069977458,0.00907780836317725,0.00907780836317759,0.0175124474512355,0.0175124474512358
40063,2021-01-10,355,"Hughes","Oklahoma",5.22420939439432,0.00385356931599277,-1000.68066019034,5.25118437960627,0.00385356931599201,-1000.68066019061,5.25118437960626,2021-01-17,362,5.24551918098107,3.20944754629514e-05,3.20944754628911e-05,0.00108000722707089,0.00108000722706988
40065,2021-01-10,355,"Jackson","Oklahoma",5.46564613875585,-0.00301659353942816,2166.86032102685,5.44452998397985,0,354,5.46564613875585,2021-01-17,362,5.68212097787502,0.0564494803800958,0.0468613559716726,0.0418137865808034,0.0380975413867607
40067,2021-01-10,355,"Jefferson","Oklahoma",5.10247625966657,0.0237373782682419,140.044658175535,5.26863790754426,0.0237373782682413,140.044658175529,5.26863790754426,2021-01-17,362,5.20948615284142,0.00349893008442482,0.00349893008442429,0.011354623655267,0.0113546236552661
40069,2021-01-10,355,"Johnston","Oklahoma",5.61417031596651,0.0178670018284262,40.7799439503933,5.7392393287655,0.0178670018284253,40.7799439503764,5.73923932876549,2021-01-17,362,5.69613425381795,0.00185804748623407,0.00185804748623345,0.00756742608702733,0.00756742608702609
40071,2021-01-10,355,"Kay","Oklahoma",7.02375895473844,-0.00228716745193167,3425.94215983461,7.00774878257492,0,354,7.02375895473844,2021-01-17,362,7.03035210655388,0.000510910254897679,4.34696508613792e-05,0.00321510553616302,0.000937812461667332
40073,2021-01-10,355,"Kingfisher","Oklahoma",5.90885903444382,0.0259346559110439,127.163584714166,6.09040162582113,0.0259346559110423,127.163584714151,6.09040162582111,2021-01-17,362,6.04331125975996,0.00221750257577446,0.00221750257577337,0.00779214639740975,0.00779214639740784
40075,2021-01-10,355,"Kiowa","Oklahoma",4.72738781871234,-0.0187857747389737,606.647210956103,4.59588739553952,0,354,4.72738781871234,2021-01-17,362,4.82028156560504,0.05035274355939,0.00862924821176431,0.0465520876760954,0.0192714358338601
40077,2021-01-10,355,"Latimer","Oklahoma",5.31461244903454,0.00705221540532281,-398.608921959931,5.3639779568718,0.00705221540532275,-398.608921959937,5.3639779568718,2021-01-17,362,5.24174701505964,0.0149404031362863,0.0149404031362863,0.0233187411488923,0.0233187411488923
40079,2021-01-10,355,"Le Flore","Oklahoma",6.83702620729395,0.0227969863226383,55.0907878553875,6.99660511155242,0.0227969863226374,55.0907878553758,6.99660511155241,2021-01-17,362,6.95382064582539,0.00183051050754767,0.00183051050754714,0.00615265591480535,0.00615265591480445
40081,2021-01-10,355,"Lincoln","Oklahoma",6.25958146406492,0.00246137140537894,-2188.12756310794,6.27681106390258,0.00246137140537694,-2188.12756311001,6.27681106390256,2021-01-17,362,6.32410291321847,0.00223651901171752,0.00223651901171886,0.00747803284748086,0.00747803284748311
40083,2021-01-10,355,"Logan","Oklahoma",6.59480423740227,0.036809089368281,175.837615095006,6.85246786298024,0.0368090893682806,175.837615095005,6.85246786298023,2021-01-17,362,6.76635628308004,0.00741520419290756,0.0074152041929071,0.0127264330013962,0.0127264330013958
40085,2021-01-10,355,"Love","Oklahoma",5.59418017109001,0.040667029553098,217.439420027327,5.8788493779617,0.0406670295530978,217.439420027326,5.8788493779617,2021-01-17,362,5.90536184805457,0.000702911070425459,0.000702911070425553,0.00448955894237143,0.00448955894237174
40087,2021-01-10,355,"McClain","Oklahoma",6.72537657769832,0.00739915618659674,-553.938317842385,6.7771706710045,0.00739915618659648,-553.938317842418,6.7771706710045,2021-01-17,362,6.79474654248605,0.000308911258336054,0.000308911258336116,0.00258668537106639,0.00258668537106665
40089,2021-01-10,355,"McCurtain","Oklahoma",6.31793798231359,0.00309677666839146,-1685.16584302002,6.33961541899233,0.00309677666839203,-1685.16584301964,6.33961541899234,2021-01-17,362,6.21346458772011,0.0159140322306723,0.0159140322306732,0.0203028164868819,0.0203028164868825
40091,2021-01-10,355,"McIntosh","Oklahoma",5.88848215385512,0.0115470126306628,-154.957193449186,5.96931124226976,0.011547012630662,-154.957193449221,5.96931124226976,2021-01-17,362,6.01266675475859,0.00187970046316848,0.00187970046316895,0.00721069606169513,0.00721069606169602
40093,2021-01-10,355,"Major","Oklahoma",4.79579054559674,0.0336166107989855,212.338665867486,5.03110682118964,0.033616610798985,212.338665867484,5.03110682118964,2021-01-17,362,4.85425991924688,0.0312748267267506,0.0312748267267496,0.0364312799241686,0.0364312799241681
40095,2021-01-10,355,"Marshall","Oklahoma",5.71373280550937,0.0453308081126831,228.954755200785,6.03104846229815,0.0453308081126806,228.954755200778,6.03104846229813,2021-01-17,362,6.00388706710654,0.000737741388754892,0.000737741388753976,0.00452396837049458,0.00452396837049177
40097,2021-01-10,355,"Mayes","Oklahoma",6.65782764376111,0.00533334597536291,-893.339724165012,6.69516106558865,0.00533334597536239,-893.339724165133,6.69516106558865,2021-01-17,362,6.62992923779366,0.00425519135747566,0.00425519135747519,0.00983899306543752,0.00983899306543698
40099,2021-01-10,355,"Murray","Oklahoma",6.08156638180517,0.0214423521114767,71.3759670493371,6.23166284658551,0.0214423521114746,71.3759670493101,6.23166284658549,2021-01-17,362,6.16391612696316,0.00458961801958831,0.00458961801958639,0.0109908568233098,0.0109908568233075
40101,2021-01-10,355,"Muskogee","Oklahoma",7.32946861910009,-0.00177877685809323,4475.51044275276,7.31701718109344,0,354,7.32946861910009,2021-01-17,362,7.3678889312891,0.00258793496796929,0.00147612038870052,0.00690452186102051,0.00521456180288562
40103,2021-01-10,355,"Noble","Oklahoma",5.6021188208797,-0.0193167060782264,645.014187625619,5.46690187833212,0,354,5.6021188208797,2021-01-17,362,5.43372200355424,0.0011009040902755,0.0283574880853447,0.00610628860957044,0.0309910623354142
40105,2021-01-10,355,"Nowata","Oklahoma",5.44427127917111,0.00743497848751482,-377.251113881956,5.49631612858372,0.00743497848751495,-377.251113881944,5.49631612858372,2021-01-17,362,5.48301704574696,0.000176865604298947,0.000176865604298971,0.00242550455812893,0.00242550455812909
40107,2021-01-10,355,"Okfuskee","Oklahoma",5.60685193515883,-0.0228225673436476,600.671394051968,5.4470939637533,0,354,5.60685193515883,2021-01-17,362,5.45776014095706,0.000113767336142061,0.0222283630983031,0.00195431402778576,0.0273173958457665
40109,2021-01-10,355,"Oklahoma","Oklahoma",9.36454411162023,0.00828686474389382,-775.046694501741,9.42255216482749,0.00828686474389428,-775.046694501678,9.42255216482749,2021-01-17,362,9.45703302517868,0.00118892973055849,0.00118892973055825,0.00364605476785271,0.00364605476785233
40111,2021-01-10,355,"Okmulgee","Oklahoma",6.52398176924291,0.00715491267804577,-556.818503286725,6.57406615798923,0.00715491267804591,-556.818503286707,6.57406615798923,2021-01-17,362,6.46012799299476,0.012981905442307,0.0129819054423072,0.0176371373938755,0.0176371373938756
40113,2021-01-10,355,"Osage","Oklahoma",6.73747521722499,0.0100434923741405,-315.82992312239,6.80777966384398,0.0100434923741393,-315.829923122474,6.80777966384397,2021-01-17,362,6.75126853935733,0.00319350719074534,0.00319350719074433,0.008370445369964,0.00837044536996268
40115,2021-01-10,355,"Ottawa","Oklahoma",6.59265306809712,-0.010903534814102,959.634476846036,6.5163283243984,0,354,6.59265306809712,2021-01-17,362,6.4723462945009,0.00193441895390476,0.0144737197731311,0.00679537649814418,0.0185878146999693
40117,2021-01-10,355,"Pawnee","Oklahoma",5.87813586180098,-0.00159872136369745,4031.77319843046,5.8669448122551,0,354,5.87813586180098,2021-01-17,362,5.87933514237646,0.000153520280516422,1.43827389873195e-06,0.00210743729032556,0.000203982346037635
40119,2021-01-10,355,"Payne","Oklahoma",7.20680111008423,0.0300006371243358,114.778398031479,7.41680556995458,0.0300006371243349,114.778398031471,7.41680556995458,2021-01-17,362,7.33283625558493,0.00705084575570927,0.00705084575570822,0.0114511372466141,0.0114511372466133
40121,2021-01-10,355,"Pittsburg","Oklahoma",6.85239356942967,0.008643620423443,-437.76891322585,6.91289891239377,0.00864362042344169,-437.76891322597,6.91289891239376,2021-01-17,362,6.87331170851963,0.00156714671057278,0.00156714671057208,0.00575955311688709,0.00575955311688579
40123,2021-01-10,355,"Pontotoc","Oklahoma",6.8770014772988,0.0167871430856656,-54.6588348717317,6.99451147889846,0.0167871430856668,-54.6588348717027,6.99451147889847,2021-01-17,362,6.92250313561669,0.00518520150218567,0.00518520150218683,0.0104020672683102,0.0104020672683114
40125,2021-01-10,355,"Pottawatomie","Oklahoma",7.26662780646436,0.00590444547482065,-875.704532280414,7.3079589247881,0.00590444547481983,-875.704532280586,7.3079589247881,2021-01-17,362,7.30586003268401,4.40534806463129e-06,4.40534806460892e-06,0.000287288846857865,0.000287288846857135
40127,2021-01-10,355,"Pushmataha","Oklahoma",5.53395398210971,0.0473803232479082,238.201430409109,5.86561624484507,0.047380323247908,238.201430409109,5.86561624484507,2021-01-17,362,5.6198831333732,0.0603847620736454,0.0603847620736445,0.0437256621961767,0.0437256621961764
40129,2021-01-10,355,"Roger Mills","Oklahoma",3.73084365321297,0.0348467313301688,247.93562090907,3.97477077252415,0.0348467313301675,247.935620909066,3.97477077252414,2021-01-17,362,4.35487564560793,0.144479714542037,0.144479714542045,0.0872826009319307,0.0872826009319329
40131,2021-01-10,355,"Rogers","Oklahoma",7.61276044632404,0.0075814300146927,-649.132522699626,7.66583045642689,0.00758143001469325,-649.132522699553,7.66583045642689,2021-01-17,362,7.60204466412086,0.00406862730010775,0.00406862730010821,0.00839061004298962,0.00839061004299009
40133,2021-01-10,355,"Seminole","Oklahoma",6.19498831155254,0.0117234636960567,-173.426450762692,6.27705255742494,0.0117234636960575,-173.426450762659,6.27705255742494,2021-01-17,362,6.28838948664094,0.000128525964048678,0.000128525964048558,0.00180283508839392,0.00180283508839307
40135,2021-01-10,355,"Sequoyah","Oklahoma",6.48507134554186,0.0436692240354561,206.495613013951,6.79075591379005,0.0436692240354546,206.495613013946,6.79075591379004,2021-01-17,362,6.75126853935733,0.00155925273958981,0.00155925273958897,0.00584888220673247,0.00584888220673089
40137,2021-01-10,355,"Stephens","Oklahoma",6.94903431190158,0.00950354924930803,-376.20411433734,7.01555915664673,0.00950354924930785,-376.204114337354,7.01555915664673,2021-01-17,362,6.98788589487954,0.000765809416835333,0.000765809416835284,0.00396017653743693,0.0039601765374368
40139,2021-01-10,355,"Texas","Oklahoma",5.56943442212512,-0.0119113481933454,822.573807072203,5.4860549847717,0,354,5.56943442212512,2021-01-17,362,5.78294567479723,0.088144081823834,0.0455870550176134,0.051339007267423,0.0369208470352086
40141,2021-01-10,355,"Tillman","Oklahoma",4.80402104473326,-0.00700119545898672,1041.17153640052,4.75501267652035,0,354,4.80402104473326,2021-01-17,362,4.84867643182119,0.00877289905705545,0.00199410359597305,0.0193173862223795,0.00920980966988536
40143,2021-01-10,355,"Tulsa","Oklahoma",9.32803451479283,0.00804569065545454,-804.382694942283,9.38435434938101,0.00804569065545557,-804.382694942134,9.38435434938101,2021-01-17,362,9.35447782101293,0.000892606947328462,0.000892606947328886,0.00319382107047864,0.0031938210704794
40145,2021-01-10,355,"Wagoner","Oklahoma",7.42331254798106,0.00701997575095018,-702.455582660137,7.47245237823771,0.00701997575094904,-702.45558266031,7.47245237823771,2021-01-17,362,7.47111913616312,1.77753442946759e-06,1.77753442944628e-06,0.000178452792720243,0.000178452792719173
40147,2021-01-10,355,"Washington","Oklahoma",6.70143372682597,-0.00577783275919666,1514.85249246946,6.66098889751159,0,354,6.70143372682597,2021-01-17,362,6.6664113874525,2.94033971592544e-05,0.00122656425519034,0.000813404637930797,0.00525355207441692
40149,2021-01-10,355,"Washita","Oklahoma",5.43059797727091,-0.00748133165229154,1080.88654395605,5.37822865570486,0,354,5.43059797727091,2021-01-17,362,5.4211669108257,0.00184369375282176,8.89450142939235e-05,0.00792048203405959,0.00173967461255889
40151,2021-01-10,355,"Woods","Oklahoma",5.75483764545649,-0.0148217400084095,743.270044015839,5.65108546539762,0,354,5.75483764545649,2021-01-17,362,5.50009134926881,0.022799223105521,0.0648956754213401,0.0274530196937338,0.0463167391249864
40153,2021-01-10,355,"Woodward","Oklahoma",5.87493073085203,0.0137375897813643,-72.6536731953995,5.97109385932158,0.0137375897813641,-72.6536731954066,5.97109385932158,2021-01-17,362,6.01266675475859,0.00172830563501615,0.00172830563501629,0.00691421911984446,0.00691421911984475
41001,2021-01-10,355,"Baker","Oregon",4.85091356921954,-0.0077908017877691,977.646256619577,4.79637795670516,0,354,4.85091356921954,2021-01-17,362,4.88171908544754,0.00728310825502363,0.000948979830073399,0.0174817778836934,0.00631038281572342
41003,2021-01-10,355,"Benton","Oregon",5.83020532804343,0.000419727183496981,-13535.4639901298,5.83314341832791,0.000419727183496477,-13535.4639901465,5.8331434183279,2021-01-17,362,5.9632120341561,0.0169178448234619,0.0169178448234629,0.021811838164262,0.0218118381642626
41005,2021-01-10,355,"Clackamas","Oregon",7.69569302385017,-0.0106628041816368,1076.73256610146,7.62105339457872,0,354,7.69569302385017,2021-01-17,362,7.66058546170326,0.00156278433113921,0.00123254091989961,0.00516044985362664,0.00458288238182656
41007,2021-01-10,355,"Clatsop","Oregon",4.92414326274281,0.00520563382726702,-590.925784666267,4.96058269953368,0.00520563382726635,-590.925784666387,4.96058269953368,2021-01-17,362,5.01253824424234,0.00269937862597319,0.00269937862597365,0.0103651168683521,0.010365116868353
41009,2021-01-10,355,"Columbia","Oregon",5.39297798478357,0,354,5.39297798478357,0,354,5.39297798478357,2021-01-17,362,5.45897742656081,0.00435592631490803,0.00435592631490803,0.0120900741329545,0.0120900741329545
41011,2021-01-10,355,"Coos","Oregon",5.47287073369548,0.0114631722813773,-122.430732031003,5.55311293966512,0.0114631722813776,-122.430732030991,5.55311293966512,2021-01-17,362,5.49658257373913,0.00319568227172667,0.00319568227172687,0.0102846387128025,0.0102846387128028
41013,2021-01-10,355,"Crook","Oregon",4.9416424226093,0.0112879597738557,-82.7799462091233,5.02065814102629,0.0112879597738544,-82.7799462091729,5.02065814102628,2021-01-17,362,5.12396397940326,0.0106720962427676,0.0106720962427694,0.0201613123730421,0.0201613123730438
41015,2021-01-10,355,"Curry","Oregon",4.34565899050301,-0.0645385211375713,422.334344108067,3.89388934254001,0,354,4.34565899050301,2021-01-17,362,4.07753744390572,0.0337266251352312,0.0718891637497208,0.0450389736187936,0.0657557533893454
41017,2021-01-10,355,"Deschutes","Oregon",6.91798845526216,0.00681046900252608,-660.787378621972,6.96566173827984,0.00681046900252369,-660.787378622328,6.96566173827983,2021-01-17,362,7.01365850448919,0.00230368956655454,0.00230368956655616,0.00684332808314295,0.00684332808314535
41019,2021-01-10,355,"Douglas","Oregon",5.60685193515883,0.00895921671263731,-270.819434331816,5.66956645214729,0.00895921671263622,-270.819434331892,5.66956645214729,2021-01-17,362,5.72917170866102,0.0035527866040672,0.00355278660406815,0.0104038174355325,0.0104038174355339
41025,2021-01-10,355,"Harney","Oregon",3.3964241029095,0.0440168854167772,277.838154704718,3.70454230082694,0.0440168854167746,277.838154704714,3.70454230082692,2021-01-17,362,3.65620867182439,0.0023361396925564,0.00233613969255464,0.0132196035130662,0.0132196035130612
41027,2021-01-10,355,"Hood River","Oregon",5.49129621781598,-0.0415284586965799,487.229714036274,5.20059700693992,0,354,5.49129621781598,2021-01-17,362,5.24627190965793,0.00208619673829981,0.0600369115883302,0.00870616382538768,0.0467044622119147
41029,2021-01-10,355,"Jackson","Oregon",7.13693770240559,-0.0045336131148223,1929.22733736849,7.10520241060184,0,354,7.13693770240559,2021-01-17,362,7.16692764155963,0.00381000413679271,0.000899396450462723,0.00861250929894407,0.00418449029401792
41031,2021-01-10,355,"Jefferson","Oregon",5.94129843675862,-0.0211785734761135,635.533457244397,5.79304842242582,0,354,5.94129843675862,2021-01-17,362,5.83648018653215,0.00188631813338745,0.0109868655805388,0.00744143091696687,0.0179591546405556
41033,2021-01-10,355,"Josephine","Oregon",6.22512404015017,0.0128042722459865,-131.175545205348,6.31475394587207,0.0128042722459867,-131.175545205339,6.31475394587207,2021-01-17,362,6.41719902697821,0.0104949946428429,0.0104949946428425,0.0159641427163865,0.0159641427163862
41035,2021-01-10,355,"Klamath","Oregon",6.47565281134567,0.00839783940879797,-416.109388512654,6.53443768720726,0.00839783940879624,-416.109388512813,6.53443768720725,2021-01-17,362,6.48790143342187,0.00216562291637795,0.00216562291637679,0.00717277447306143,0.00717277447305951
41037,2021-01-10,355,"Lake","Oregon",3.53888678443534,0.0467176245674602,279.249427979259,3.86591015640756,0.0467176245674574,279.249427979254,3.86591015640754,2021-01-17,362,3.65251180994306,0.045538854273783,0.0455388542737746,0.0584250941731594,0.0584250941731541
41039,2021-01-10,355,"Lane","Oregon",7.38496502454961,-0.0123338714456881,953.754823825521,7.29862792442979,0,354,7.38496502454961,2021-01-17,362,7.39580930097725,0.00944421994765918,0.000117598331239135,0.0131400598085484,0.00146627312662188
41041,2021-01-10,355,"Lincoln","Oregon",4.96882074366325,-1.25607396694711e-15,3955834508488715,4.96882074366324,0,354,4.96882074366325,2021-01-17,362,5.00968245934098,0.00166967980812873,0.00166967980812801,0.0081565480465839,0.00815654804658212
41043,2021-01-10,355,"Linn","Oregon",6.48985604366519,-0.00821093636446831,1145.39171119985,6.43237948911392,0,354,6.48985604366519,2021-01-17,362,6.42417417732271,6.73271415908675e-05,0.00431410756623165,0.00127725549848391,0.0102241727153567
41045,2021-01-10,355,"Malheur","Oregon",5.80427401320252,-0.00043057051257125,13835.4261874344,5.80126001961453,0,354,5.80427401320252,2021-01-17,362,5.74346095847438,0.00334073146868269,0.0036982276253687,0.0100634550418363,0.0105882246206304
41047,2021-01-10,355,"Marion","Oregon",8.03259210728626,-0.00647311304082628,1595.91639627244,7.98728031600048,0,354,8.03259210728626,2021-01-17,362,8.00827051779633,0.000440588571430788,0.000591539715316556,0.0026210655283449,0.00303705892999981
41049,2021-01-10,355,"Morrow","Oregon",4.65803367554516,0.0246926125903669,166.3592209614,4.83088196367772,0.0246926125903659,166.359220961392,4.83088196367772,2021-01-17,362,4.87410621561882,0.00186833595586718,0.00186833595586779,0.00886813910673187,0.00886813910673333
41051,2021-01-10,355,"Multnomah","Oregon",8.37770121259764,-0.0202578908948987,768.552489549014,8.23589597633335,0,354,8.37770121259764,2021-01-17,362,8.29376388499221,0.00334869485255038,0.00704547496554121,0.00697727949110962,0.010120534991033
41053,2021-01-10,355,"Polk","Oregon",6.24138912109983,0.0137237835209951,-99.7863285333496,6.3374556057468,0.0137237835209945,-99.78632853337,6.3374556057468,2021-01-17,362,6.35833731602316,0.000436045824065824,0.00043604582406601,0.0032841463480928,0.0032841463480935
41057,2021-01-10,355,"Tillamook","Oregon",4.82945594188108,-0.0369790032410926,485.599949122327,4.57060291919343,0,354,4.82945594188108,2021-01-17,362,4.47895887485007,0.00839863086360687,0.122848193997336,0.0204610149153073,0.078254138255006
41059,2021-01-10,355,"Umatilla","Oregon",7.01288719708496,0.0244740150853684,68.4557949472887,7.18420530268254,0.0244740150853673,68.4557949472754,7.18420530268253,2021-01-17,362,7.1607349865821,0.000550855737854392,0.000550855737854017,0.00327764065342667,0.00327764065342555
41061,2021-01-10,355,"Union","Oregon",4.57323713888508,0.0375701586639676,233.274745129806,4.83622824953286,0.0375701586639652,233.274745129798,4.83622824953284,2021-01-17,362,4.84193483325427,3.25650977694905e-05,3.25650977696831e-05,0.00117857507751238,0.00117857507751586
41065,2021-01-10,355,"Wasco","Oregon",5.46986682636008,-0.00719427563402583,1115.30820955621,5.4195068969219,0,354,5.46986682636008,2021-01-17,362,5.41100809330071,7.22296629915436e-05,0.00346435045735422,0.00157065069477751,0.0108775910226862
41067,2021-01-10,355,"Washington","Oregon",8.07255651180446,-0.00997813108074002,1164.02490120482,8.00270959423928,0,354,8.07255651180446,2021-01-17,362,8.10003137127575,0.00947152828553565,0.000754867902966958,0.0120149876680216,0.00339194482242598
41071,2021-01-10,355,"Yamhill","Oregon",6.4113490044446,0.0118037253379849,-188.163181187605,6.49397508181049,0.0118037253379839,-188.163181187649,6.49397508181049,2021-01-17,362,6.45227425577872,0.00173895889173207,0.00173895889173148,0.00646296551861909,0.00646296551861798
42001,2021-01-10,355,"Adams","Pennsylvania",7.5037620344316,-0.0100251466193827,1103.49399408521,7.43358600809592,0,354,7.5037620344316,2021-01-17,362,7.45604182662191,0.000504263785672235,0.00227721823339978,0.00301176134042221,0.00640020655990715
42003,2021-01-10,355,"Allegheny","Pennsylvania",9.65525510476432,-0.0141362777674632,1038.01254853575,9.55630116039208,0,354,9.65525510476432,2021-01-17,362,9.55656085801106,6.74428533034969e-08,0.00974055434219401,2.71747988463403e-05,0.0103273811802841
42005,2021-01-10,355,"Armstrong","Pennsylvania",7.08614052724028,-0.000477954364458276,15180.9772358641,7.08279484668907,0,354,7.08614052724028,2021-01-17,362,7.03803137888599,0.00200376804975781,0.00231449015537533,0.00636022566443433,0.00683559730901733
42007,2021-01-10,355,"Beaver","Pennsylvania",7.84149292446001,-0.0191880417751047,763.665616656822,7.70717663203428,0,354,7.84149292446001,2021-01-17,362,7.73780316963621,0.000937984805482318,0.0107515652554207,0.00395804040636614,0.0134004125655059
42009,2021-01-10,355,"Bedford","Pennsylvania",6.45272470623679,-0.0323466393050723,554.486711598658,6.22629823110128,0,354,6.45272470623679,2021-01-17,362,6.35188247732555,0.0157714028997175,0.0101691551317866,0.019771185419845,0.0158759594925154
42011,2021-01-10,355,"Berks","Pennsylvania",8.77043908654689,0.00210926043186732,-3803.06362933688,8.78520390956996,0.0021092604318671,-3803.06362933731,8.78520390956996,2021-01-17,362,8.79300509129753,6.0858436346552e-05,6.08584363465798e-05,0.00088720314006068,0.000887203140060882
42013,2021-01-10,355,"Blair","Pennsylvania",7.59839932932396,-0.0187982127046175,759.20860476047,7.46681184039164,0,354,7.59839932932396,2021-01-17,362,7.49799923971866,0.000972653876782923,0.0100801779927529,0.00415942951311754,0.0133902507049428
42015,2021-01-10,355,"Bradford","Pennsylvania",6.58990850648409,-0.0134544293402473,844.7947240892,6.49572750110236,0,354,6.58990850648409,2021-01-17,362,6.54185423167011,0.00212767527287017,0.00230921332789726,0.00705101779010107,0.00734566578713101
42017,2021-01-10,355,"Bucks","Pennsylvania",8.95349229391058,-0.000720042125878007,12789.6784335609,8.94845199902944,0,354,8.95349229391058,2021-01-17,362,8.94057305814896,6.20777093980293e-05,0.00016690665266437,0.000881256808621932,0.00144501204537964
42019,2021-01-10,355,"Butler","Pennsylvania",8.11680090902879,-0.00595189241100545,1718.73448115767,8.07513766215175,0,354,8.11680090902879,2021-01-17,362,8.05547514175727,0.000386614708263334,0.00376084973144033,0.00244088896663028,0.00761292986351883
42021,2021-01-10,355,"Cambria","Pennsylvania",7.56527528189893,-0.0218179823689657,701.744953495788,7.41254940531617,0,354,7.56527528189893,2021-01-17,362,7.44282742282267,0.000916758344123776,0.0149934781923603,0.00406808001669543,0.0164517934005549
42023,2021-01-10,355,"Cameron","Pennsylvania",4.48863636973214,-0.0362529849951478,478.814256131817,4.2348654747661,0,354,4.48863636973214,2021-01-17,362,4.37665509087197,0.0201042952354489,0.0125398068151589,0.0323967991906845,0.0255860415168924
42025,2021-01-10,355,"Carbon","Pennsylvania",7.0475172213573,0.0318048008700691,133.413414687039,7.27015082744778,0.0318048008700664,133.413414687021,7.27015082744776,2021-01-17,362,7.17198593252959,0.00963634659429962,0.00963634659429595,0.0136872681906626,0.01368726819066
42027,2021-01-10,355,"Centre","Pennsylvania",7.33432935030054,-0.010297414614606,1067.24959126123,7.26224744799829,0,354,7.33432935030054,2021-01-17,362,7.3298433614691,0.00456920751795299,2.01240957957459e-05,0.00922201336881776,0.000612017011852537
42029,2021-01-10,355,"Chester","Pennsylvania",8.61255531792326,0.00387743638483879,-1866.19835456213,8.63969737261713,0.00387743638484039,-1866.19835456121,8.63969737261714,2021-01-17,362,8.62645750589776,0.0001752940707466,0.000175294070746883,0.00153479765133197,0.00153479765133321
42031,2021-01-10,355,"Clarion","Pennsylvania",6.22002198826627,-0.0127066512691126,844.509144190172,6.13107542938248,0,354,6.22002198826627,2021-01-17,362,6.09389219468117,0.00138259294285301,0.0159087248298205,0.00610172177541443,0.0206977395653947
42033,2021-01-10,355,"Clearfield","Pennsylvania",7.33544771015615,-0.000651799455078635,11609.1482706075,7.3308851139706,0,354,7.33544771015615,2021-01-17,362,7.3071064972013,0.000565422615461179,0.000803224351752128,0.00325417684529523,0.00387858216733319
42035,2021-01-10,355,"Clinton","Pennsylvania",6.58715639151721,-0.0241162990598665,628.141263307657,6.41834229809815,0,354,6.58715639151721,2021-01-17,362,6.37891114971347,0.00155481546293473,0.0433660807339009,0.00618148575191429,0.0326458915818416
42037,2021-01-10,355,"Columbia","Pennsylvania",6.96413561241824,0.0300166440051116,122.990864960376,7.17425212045403,0.0300166440051113,122.990864960374,7.17425212045402,2021-01-17,362,7.10987946307227,0.00414383901838869,0.00414383901838846,0.009053973097026,0.00905397309702575
42039,2021-01-10,355,"Crawford","Pennsylvania",7.1012051618179,-0.0386817260283669,538.58035927896,6.83043307961933,0,354,7.1012051618179,2021-01-17,362,6.89943504736642,0.00476127155296967,0.0407111790857648,0.0100011040430655,0.0292444400253469
42041,2021-01-10,355,"Cumberland","Pennsylvania",8.03924955212484,-0.0110893314372861,1079.95349224518,7.96162423206384,0,354,8.03924955212484,2021-01-17,362,7.98109859852216,0.000379250948953195,0.00338153340490061,0.00244006087857787,0.00728608384984042
42043,2021-01-10,355,"Dauphin","Pennsylvania",8.1825193367364,-0.012498922759444,1009.65796486772,8.0950268774203,0,354,8.1825193367364,2021-01-17,362,8.13919037595485,0.00195041460281181,0.00187739884240919,0.00542603090659074,0.00532349764290504
42045,2021-01-10,355,"Delaware","Pennsylvania",8.7573792619093,0.00830367152159002,-699.639413317303,8.81550496256043,0.00830367152158829,-699.639413317524,8.81550496256042,2021-01-17,362,8.77596860607691,0.00156312348399226,0.00156312348399128,0.00450507040968067,0.00450507040967925
42047,2021-01-10,355,"Elk","Pennsylvania",6.49461795742544,-0.016065462806554,759.259624240388,6.38215971777956,0,354,6.49461795742544,2021-01-17,362,6.42879739406417,0.00217507284922775,0.00433234656119508,0.00725449464742318,0.010238394419156
42049,2021-01-10,355,"Erie","Pennsylvania",8.18741847624275,-0.0190092108956827,785.707961586256,8.05435399997297,0,354,8.18741847624275,2021-01-17,362,8.07509373690865,0.00043013668816148,0.0126168470664717,0.00256835866076599,0.0139100229661349
42051,2021-01-10,355,"Fayette","Pennsylvania",8.04846874366888,-0.0214547196434718,730.137446557957,7.89828570616458,0,354,8.04846874366888,2021-01-17,362,7.85316088656039,0.00203624934431103,0.038145159048313,0.00574607094595741,0.0248699676384753
42053,2021-01-10,355,"Forest","Pennsylvania",5.24551918098107,0.0213097865867518,108.844593439421,5.39468768708833,0.0213097865867509,108.84459343941,5.39468768708832,2021-01-17,362,5.69325102260386,0.0891400653141593,0.089140065314163,0.0524416250627537,0.0524416250627548
42055,2021-01-10,355,"Franklin","Pennsylvania",7.80745194490318,-0.00139340477723468,5958.1471058953,7.79769811146253,0,354,7.80745194490318,2021-01-17,362,7.81185774913141,0.000200495338913882,1.94111108975285e-05,0.00181258263061068,0.000563989305709557
42057,2021-01-10,355,"Fulton","Pennsylvania",5.57106707554901,0.0120351562081507,-107.899440538714,5.65531316900606,0.0120351562081495,-107.89944053876,5.65531316900606,2021-01-17,362,5.6235016433954,0.00101197316167803,0.00101197316167752,0.00565688918185468,0.00565688918185326
42059,2021-01-10,355,"Greene","Pennsylvania",6.5366915975913,-0.00206825306405717,3515.4892608106,6.5222138261429,0,354,6.5366915975913,2021-01-17,362,6.48332576360178,0.00151228140820226,0.00284791223739734,0.00599816574996819,0.00823124364490918
42061,2021-01-10,355,"Huntingdon","Pennsylvania",6.84830853462418,-0.00860447606239794,1150.90070156063,6.78807720218739,0,354,6.84830853462418,2021-01-17,362,6.74708338216461,0.00168049328005984,0.0102465314904617,0.00607578381662527,0.0150028014663556
42063,2021-01-10,355,"Indiana","Pennsylvania",6.60607086784659,-0.00577813626099855,1498.28748396545,6.5656239140196,0,354,6.60607086784659,2021-01-17,362,6.53565586471777,0.000898083978956671,0.00495827266563117,0.00458531628992373,0.0107739765658326
42065,2021-01-10,355,"Jefferson","Pennsylvania",6.32487086410736,-0.00357599359361575,2123.70307469208,6.29983890895205,0,354,6.32487086410736,2021-01-17,362,6.21203335804972,0.00770981476926094,0.0127323027733072,0.0141347519952618,0.018164343227716
42067,2021-01-10,355,"Juniata","Pennsylvania",5.91543164654468,-0.0374405613703233,512.995271172228,5.65334771695241,0,354,5.91543164654468,2021-01-17,362,5.7489379233293,0.00913748755517529,0.0277201598701193,0.0166274549580675,0.0289607794406241
42069,2021-01-10,355,"Lackawanna","Pennsylvania",7.96455301721724,0.00812627549382318,-625.098819351021,8.021436945674,0.00812627549382405,-625.098819350917,8.02143694567401,2021-01-17,362,7.99569173558947,0.000662815842296626,0.0006628158422969,0.00321988527520849,0.00321988527520916
42071,2021-01-10,355,"Lancaster","Pennsylvania",8.89072525242139,0.000236016050189127,-37315.0027192937,8.89237736477272,0.000236016050186194,-37315.0027197619,8.8923773647727,2021-01-17,362,8.90967919609059,0.000299353366952069,0.000299353366952807,0.00194191406189607,0.00194191406189847
42073,2021-01-10,355,"Lawrence","Pennsylvania",7.09601157129591,-0.0137511716128216,871.029598865567,6.99975337000616,0,354,7.09601157129591,2021-01-17,362,6.98709444252323,0.000160248445017914,0.0118629409400833,0.00181175846227032,0.0155883292645664
42075,2021-01-10,355,"Lebanon","Pennsylvania",7.77839092718233,0.00353516051681314,-1845.29356239653,7.80313705080002,0.00353516051681257,-1845.29356239688,7.80313705080002,2021-01-17,362,7.80384330353877,4.987929309894e-07,4.98792930994419e-07,9.05006304301352e-05,9.05006304305904e-05
42077,2021-01-10,355,"Lehigh","Pennsylvania",8.75011732791879,0.0070870730940085,-879.658823445217,8.79972683957685,0.00708707309400758,-879.658823445378,8.79972683957685,2021-01-17,362,8.76759609327202,0.00103238485810557,0.00103238485810511,0.00366471561452171,0.0036647156145209
42079,2021-01-10,355,"Luzerne","Pennsylvania",8.46092513739085,-0.0251900984545341,690.882972139313,8.28459444820911,0,354,8.46092513739085,2021-01-17,362,8.39560650246224,0.0123236761895008,0.00426652406893641,0.0132226366517507,0.00778009723412463
42081,2021-01-10,355,"Lycoming","Pennsylvania",7.74969185455558,-0.0231210104801352,690.179635042935,7.58784478119464,0,354,7.74969185455558,2021-01-17,362,7.58455528386202,1.08207927013087e-05,0.027270086980431,0.000433709981601477,0.0217727427005422
42083,2021-01-10,355,"McKean","Pennsylvania",6.69155187475187,-0.00689231322573196,1325.87170237264,6.64330568217175,0,354,6.69155187475187,2021-01-17,362,6.61453408435524,0.000827804840914796,0.00593174003757931,0.00434975426078116,0.0116437211471619
42085,2021-01-10,355,"Mercer","Pennsylvania",7.41060633307847,-0.0299596875492741,602.352590740153,7.20088852023355,0,354,7.41060633307847,2021-01-17,362,7.28344822875663,0.00681610547141593,0.0161691834947236,0.0113352502729568,0.0174585032155224
42087,2021-01-10,355,"Mifflin","Pennsylvania",6.65782764376111,-0.0246389275604276,625.215804946567,6.48535515083812,0,354,6.65782764376111,2021-01-17,362,6.61088829695328,0.0157585707735716,0.00220330227874546,0.0189888469561677,0.00710030856662025
42089,2021-01-10,355,"Monroe","Pennsylvania",7.52533187983768,0.0131045181639477,-219.2547559315,7.61706350698531,0.0131045181639475,-219.254755931506,7.61706350698531,2021-01-17,362,7.59077997101349,0.000690824263182288,0.000690824263182241,0.00346256064227838,0.00346256064227826
42091,2021-01-10,355,"Montgomery","Pennsylvania",9.16212504255759,0.00698030604935962,-957.567812610184,9.21098718490311,0.00698030604936051,-957.567812610017,9.21098718490312,2021-01-17,362,9.17929188928291,0.00100459176445195,0.0010045917644524,0.00345291292645421,0.00345291292645498
42093,2021-01-10,355,"Montour","Pennsylvania",6.00600123279887,-0.0660553216394173,445.923805739444,5.54361398132295,0,354,6.00600123279887,2021-01-17,362,6.05878936149424,0.265405672334626,0.00278658653115815,0.0850294257538323,0.00871265289908406
42095,2021-01-10,355,"Northampton","Pennsylvania",8.55424121632054,0.0039448871142686,-1813.43751634361,8.58185542612042,0.00394488711427066,-1813.43751634249,8.58185542612043,2021-01-17,362,8.52756776041478,0.00294715064776736,0.0029471506477689,0.00636613712501299,0.00636613712501465
42097,2021-01-10,355,"Northumberland","Pennsylvania",7.38505366524461,0.00248491430669596,-2616.95506716047,7.40244806539148,0.00248491430669695,-2616.95506715929,7.40244806539149,2021-01-17,362,7.38079002403706,0.000469070755309722,0.000469070755310029,0.00293437982707611,0.00293437982707707
42099,2021-01-10,355,"Perry","Pennsylvania",6.52314266703299,-0.0137559484661023,829.205227150091,6.42685102777027,0,354,6.52314266703299,2021-01-17,362,6.48811880110016,0.00375374004880178,0.00122667118488117,0.00944307205341139,0.00539815422721541
42101,2021-01-10,355,"Philadelphia","Pennsylvania",9.5410511452371,-0.0145796118111716,1009.41050617865,9.4389938625589,0,354,9.5410511452371,2021-01-17,362,9.49326112732625,0.00294493602532973,0.00228388581191942,0.00571639861576575,0.00503409916464717
42103,2021-01-10,355,"Pike","Pennsylvania",6.15060276844628,0.017204725449631,-2.49496767344192,6.2710358465937,0.0172047254496306,-2.49496767345058,6.27103584659369,2021-01-17,362,6.26285389676435,6.69443030098524e-05,6.69443030098088e-05,0.00130642514805719,0.00130642514805677
42105,2021-01-10,355,"Potter","Pennsylvania",5.3890717298165,-0.00455581653586001,1537.8991987271,5.35718101406548,0,354,5.3890717298165,2021-01-17,362,5.43372200355424,0.00585852307191831,0.00199364694485502,0.0140862910245855,0.00821725397591796
42107,2021-01-10,355,"Schuylkill","Pennsylvania",8.01876657179324,0.00542339040656334,-1123.55233915836,8.05673030463918,0.00542339040656437,-1123.55233915808,8.05673030463919,2021-01-17,362,8.00312421843678,0.00287361247793877,0.00287361247793954,0.00669814496679988,0.00669814496680077
42109,2021-01-10,355,"Snyder","Pennsylvania",6.32997552041904,-0.00861855778414042,1089.45878985313,6.26964561593006,0,354,6.32997552041904,2021-01-17,362,6.26990764277714,6.86580685903885e-08,0.00360814992440266,4.17911813073171e-05,0.00958034488930642
42111,2021-01-10,355,"Somerset","Pennsylvania",7.46981705264582,-0.0189560021647446,749.060782844739,7.3371250374926,0,354,7.46981705264582,2021-01-17,362,7.33115385496378,3.56550207925516e-05,0.019227482391408,0.000814494232007229,0.0189142392078093
42113,2021-01-10,355,"Sullivan","Pennsylvania",4.10146202999096,0.0410190194445449,255.010724646017,4.38859516610278,0.041019019444545,255.010724646018,4.38859516610278,2021-01-17,362,4.24440525679783,0.0207907299453683,0.0207907299453685,0.0339717582514089,0.0339717582514091
42115,2021-01-10,355,"Susquehanna","Pennsylvania",5.77321969185142,0.0306744843567899,166.790815301073,5.98794108234895,0.0306744843567897,166.790815301071,5.98794108234895,2021-01-17,362,5.89322149921902,0.00897179942830749,0.00897179942830715,0.0160726324545041,0.0160726324545038
42117,2021-01-10,355,"Tioga","Pennsylvania",5.96247701023473,-0.0382304039544268,510.961653383061,5.69486418255374,0,354,5.96247701023473,2021-01-17,362,5.76384671539885,0.00475858983772648,0.0394539940265882,0.0119681414602531,0.0344614117348424
42119,2021-01-10,355,"Union","Pennsylvania",6.79474654248605,0.0172626695412313,-38.6092576097237,6.91558522927467,0.017262669541231,-38.6092576097309,6.91558522927467,2021-01-17,362,6.86021433421314,0.00306593601991552,0.00306593601991533,0.00807130686652023,0.00807130686651998
42121,2021-01-10,355,"Venango","Pennsylvania",6.71139275034557,-0.0225192154635732,653.02959881981,6.55375824210056,0,354,6.71139275034557,2021-01-17,362,6.57407912966293,0.000412938471322382,0.0188550304249772,0.00309106220986564,0.020887126238422
42123,2021-01-10,355,"Warren","Pennsylvania",6.66148931024707,-0.0179303907184284,726.519472991771,6.53597657521807,0,354,6.66148931024707,2021-01-17,362,6.39502307694556,0.0198678886752585,0.0710042534898943,0.0220411242581212,0.0416677516398863
42125,2021-01-10,355,"Washington","Pennsylvania",7.98820359702258,0.00228172053262252,-3145.95617881881,8.00417564075093,0.00228172053262021,-3145.95617882236,8.00417564075092,2021-01-17,362,8.00936307663004,2.69094909998959e-05,2.69094910000617e-05,0.00064767146019985,0.000647671460201846
42127,2021-01-10,355,"Wayne","Pennsylvania",6.86663562111693,-0.0172659789858138,752.697438804875,6.74577376821623,0,354,6.86663562111693,2021-01-17,362,6.78623311864661,0.00163695903724808,0.00646456240348965,0.00596197473959549,0.0118478839533815
42129,2021-01-10,355,"Westmoreland","Pennsylvania",8.68495691433649,-0.0165083114074493,881.096019149327,8.56939873448435,0,354,8.68495691433649,2021-01-17,362,8.57243866564222,9.24118144456819e-06,0.0126603562892276,0.000354616845501672,0.0131255822389544
42131,2021-01-10,355,"Wyoming","Pennsylvania",5.50591208747262,0.00290613398372942,-1539.58301588935,5.52625502535872,0.0029061339837293,-1539.58301588943,5.52625502535872,2021-01-17,362,5.46383180502561,0.00389665843675609,0.00389665843675598,0.0114248063558059,0.0114248063558057
42133,2021-01-10,355,"York","Pennsylvania",8.87062287518994,-0.0136905180265665,1002.9391691371,8.77478924900397,0,354,8.87062287518994,2021-01-17,362,8.82204838662517,0.00223342608869937,0.00235948093932874,0.00535693475597418,0.00550603288896147
44001,2021-01-10,355,"Bristol","Rhode Island",6.90202460427315,0.0290086662377892,117.070253499557,7.10508526793768,0.0290086662377869,117.070253499538,7.10508526793766,2021-01-17,362,7.06780688141606,0.00138967810165528,0.00138967810165402,0.00527439234646305,0.00527439234646066
44003,2021-01-10,355,"Kent","Rhode Island",7.84926809997396,-0.0117433355305243,1023.40192716724,7.76706475126029,0,354,7.84926809997396,2021-01-17,362,7.85709386490249,0.00810524130320032,6.12425967166213e-05,0.0114583222741374,0.00099601265596282
44005,2021-01-10,355,"Newport","Rhode Island",7.00708335026516,0.0205168908587325,13.4724557676938,7.15070158627629,0.0205168908587332,13.4724557677057,7.15070158627629,2021-01-17,362,7.16006920759613,8.77523291919237e-05,8.77523291918238e-05,0.00130831435398725,0.00130831435398651
44007,2021-01-10,355,"Providence","Rhode Island",9.41618079820575,-0.0202359629652058,820.319135758262,9.27452905744931,0,354,9.41618079820575,2021-01-17,362,9.39291189752534,0.0140144968244687,0.000541441738874459,0.012603422811538,0.00247728296978208
44009,2021-01-10,355,"Washington","Rhode Island",7.22880304527772,-0.00588935937919381,1582.4345272282,7.18757752962336,0,354,7.22880304527772,2021-01-17,362,7.2557930295252,0.00465335442685785,0.000728459249679381,0.0094015222904316,0.00371978419693831
45001,2021-01-10,355,"Abbeville","South Carolina",5.30968112519835,0.0199721331869157,89.1455178820429,5.44948605750676,0.0199721331869158,89.1455178820438,5.44948605750676,2021-01-17,362,5.44981145954673,1.0588648761859e-07,1.05886487618012e-07,5.9708861928237e-05,5.9708861928074e-05
45003,2021-01-10,355,"Aiken","South Carolina",7.63240112660145,0.00207857069224215,-3316.94685996867,7.64695112144715,0.00207857069224104,-3316.94685997062,7.64695112144714,2021-01-17,362,7.73318307026495,0.00743594899691599,0.00743594899691737,0.0111508997051129,0.011150899705114
45005,2021-01-10,355,"Allendale","South Carolina",4.24849524204936,0.0545208388784175,277.075754345534,4.63014111419828,0.0545208388784175,277.075754345534,4.63014111419828,2021-01-17,362,4.62357127135898,4.31628349330717e-05,4.31628349330717e-05,0.00142094551023687,0.00142094551023687
45007,2021-01-10,355,"Anderson","South Carolina",8.10535064777025,0.0062736820157356,-936.96070623925,8.1492664218804,0.00627368201573475,-936.960706239425,8.14926642188039,2021-01-17,362,8.1980499369168,0.00237983133930679,0.00237983133930731,0.00595062428404142,0.00595062428404207
45009,2021-01-10,355,"Bamberg","South Carolina",5.16069598867199,0.0148640226321468,7.80623446368848,5.26474414709701,0.0148640226321461,7.80623446367431,5.26474414709701,2021-01-17,362,5.27665586976686,0.000141889136963264,0.00014188913696337,0.00225743784772719,0.00225743784772803
45011,2021-01-10,355,"Barnwell","South Carolina",6.15546452217327,0.0143492005608785,-73.9761297891004,6.25590892609942,0.0143492005608783,-73.9761297891079,6.25590892609942,2021-01-17,362,6.19760725674217,0.00339908464984208,0.00339908464984187,0.00940712551506476,0.00940712551506448
45013,2021-01-10,355,"Beaufort","South Carolina",7.68432406768116,0.0205138803080694,-19.5914450255628,7.82792122983764,0.0205138803080702,-19.5914450255479,7.82792122983765,2021-01-17,362,7.81589862514888,0.000144543023502267,0.000144543023502395,0.00153822423567246,0.00153822423567314
45015,2021-01-10,355,"Berkeley","South Carolina",7.48877305481056,0.0329789471115101,127.922615464674,7.71962568459113,0.0329789471115083,127.922615464661,7.71962568459112,2021-01-17,362,7.70423234343349,0.000236954951995641,0.000236954951995258,0.00199803698427721,0.0019980369842756
45017,2021-01-10,355,"Calhoun","South Carolina",5.32995445149122,-0.00138312608495751,4208.55645407769,5.32027256889651,0,354,5.32995445149122,2021-01-17,362,5.40332067555802,0.00689698802006104,0.00538260283382053,0.0153698274909309,0.0135779881432315
45019,2021-01-10,355,"Charleston","South Carolina",8.25664442079916,0.0417926072879928,157.437680810325,8.54919267181511,0.0417926072879915,157.437680810319,8.5491926718151,2021-01-17,362,8.53447162721651,0.000216709154073974,0.000216709154073713,0.00172489232393187,0.00172489232393083
45021,2021-01-10,355,"Cherokee","South Carolina",6.58044098014569,0.022851264916768,67.0316532098389,6.74039983456307,0.0228512649167678,67.0316532098364,6.74039983456306,2021-01-17,362,6.72726062381528,0.000172638859074832,0.000172638859074785,0.00195312943596616,0.00195312943596589
45023,2021-01-10,355,"Chester","South Carolina",6.34035930372775,0.0165125052500817,-28.9731892709859,6.45594684047832,0.0165125052500814,-28.9731892709916,6.45594684047832,2021-01-17,362,6.44071867233981,0.000231897104854887,0.000231897104854833,0.00236435853096856,0.00236435853096829
45025,2021-01-10,355,"Chesterfield","South Carolina",6.22681895581016,0.0251513686637019,107.426238147564,6.40287853645607,0.0251513686637006,107.426238147551,6.40287853645606,2021-01-17,362,6.46725497193688,0.0041443254452143,0.00414432544521544,0.00995421330381309,0.00995421330381446
45027,2021-01-10,355,"Clarendon","South Carolina",5.93640476992496,0.0125310164501229,-118.736890662746,6.02412188507582,0.0125310164501222,-118.736890662773,6.02412188507581,2021-01-17,362,6.04263283368238,0.000342655218314886,0.000342655218315084,0.00306339125941635,0.00306339125941724
45029,2021-01-10,355,"Colleton","South Carolina",6.08612516534351,0.0180303196193682,17.4505114814605,6.21233740267909,0.018030319619367,17.450511481438,6.21233740267908,2021-01-17,362,6.37818361239509,0.0275049652771638,0.0275049652771668,0.0260021065235097,0.0260021065235111
45031,2021-01-10,355,"Darlington","South Carolina",7.23603074839917,0.0178539099957643,-50.2910959064918,7.36100811836952,0.0178539099957646,-50.2910959064836,7.36100811836952,2021-01-17,362,7.36599353833031,2.48544121854007e-05,2.48544121853741e-05,0.000676815684787553,0.000676815684787191
45033,2021-01-10,355,"Dillon","South Carolina",6.60433089640712,0.0217123443824557,50.8259881994294,6.75631730708431,0.021712344382455,50.8259881994193,6.75631730708431,2021-01-17,362,6.74490015852473,0.00013035128123155,0.000130351281231428,0.00169270831164957,0.00169270831164878
45035,2021-01-10,355,"Dorchester","South Carolina",7.68845535654994,0.0317803636917659,113.075287271115,7.9109179023923,0.0317803636917624,113.075287271089,7.91091790239228,2021-01-17,362,7.92593192564527,0.000225420894240593,0.000225420894241313,0.00189429121948247,0.0018942912194855
45037,2021-01-10,355,"Edgefield","South Carolina",5.84685157176121,-0.00862959947496227,1032.53452390521,5.78644437543648,0,354,5.84685157176121,2021-01-17,362,5.91697188558618,0.0170374309058801,0.0049168584109115,0.0220598496449961,0.0118507093122714
45039,2021-01-10,355,"Fairfield","South Carolina",5.54406074977949,0.0237433426193191,121.500410718561,5.71026414811472,0.0237433426193192,121.500410718562,5.71026414811472,2021-01-17,362,5.76025282114426,0.00249886743125413,0.00249886743125404,0.00867820815885796,0.0086782081588578
45041,2021-01-10,355,"Florence","South Carolina",8.14455477181096,0.0139068036503766,-230.652532139578,8.2419023973636,0.0139068036503787,-230.65253213949,8.24190239736361,2021-01-17,362,8.21940306138737,0.000506220119371347,0.000506220119371987,0.00273734428257055,0.00273734428257227
45043,2021-01-10,355,"Georgetown","South Carolina",6.90029897830568,0.0140592213580985,-135.802356869566,6.99871352781237,0.0140592213580968,-135.802356869626,6.99871352781236,2021-01-17,362,7.02680735034182,0.000789262864316334,0.000789262864316983,0.00399809203935058,0.00399809203935223
45045,2021-01-10,355,"Greenville","South Carolina",9.40842981679755,0.020098680959299,-113.111804742319,9.54912058351264,0.0200986809592969,-113.111804742368,9.54912058351262,2021-01-17,362,9.51235847640952,0.00135145251866118,0.00135145251866013,0.00386466796791649,0.003864667967915
45047,2021-01-10,355,"Greenwood","South Carolina",6.8901730419369,0.0205647670257134,19.9525358920098,7.03412641111689,0.0205647670257125,19.9525358919952,7.03412641111689,2021-01-17,362,7.06865861840251,0.00119247334001698,0.00119247334001741,0.00488525605066262,0.0048852560506635
45049,2021-01-10,355,"Hampton","South Carolina",5.33202842389035,0.011809793389214,-96.4921005104229,5.41469697761485,0.0118097933892134,-96.4921005104471,5.41469697761484,2021-01-17,362,5.52772695944089,0.0127757767915966,0.0127757767915976,0.0204478228854993,0.0204478228855001
45051,2021-01-10,355,"Horry","South Carolina",8.51484758548941,0.0294989495164606,66.3508201118119,8.72134023210463,0.0294989495164604,66.3508201118099,8.72134023210463,2021-01-17,362,8.69574574968828,0.000655077530160866,0.000655077530160775,0.0029433338040349,0.0029433338040347
45053,2021-01-10,355,"Jasper","South Carolina",5.70995386856074,0.0312450314566571,172.252420549438,5.92866908875734,0.031245031456657,172.252420549438,5.92866908875734,2021-01-17,362,5.86808552594748,0.00367036808273694,0.00367036808273683,0.0103242467312341,0.010324246731234
45055,2021-01-10,355,"Kershaw","South Carolina",6.74842453911334,0.0201377479427495,19.886830528481,6.88938877471258,0.0201377479427478,19.8868305284533,6.88938877471257,2021-01-17,362,6.91046588767511,0.000444244690835213,0.0004442446908357,0.00305002778468531,0.00305002778468698
45057,2021-01-10,355,"Lancaster","South Carolina",7.32269913104484,0.0147306061094877,-142.107795607162,7.42581337381126,0.0147306061094881,-142.107795607151,7.42581337381126,2021-01-17,362,7.43070708254597,2.3948385180195e-05,2.39483851801689e-05,0.000658579147360916,0.000658579147360557
45059,2021-01-10,355,"Laurens","South Carolina",6.91529818815287,0.0319819824763323,138.775186754905,7.13917206548719,0.0319819824763314,138.775186754899,7.13917206548719,2021-01-17,362,7.12975531959427,8.86751032119212e-05,8.86751032118041e-05,0.00132076704891199,0.00132076704891112
45061,2021-01-10,355,"Lee","South Carolina",5.59471137960184,-0.00212201671139781,2991.50674829817,5.57985726262205,0,354,5.59471137960184,2021-01-17,362,5.62762111369064,0.00228138546890173,0.00108305059779538,0.00848739638004141,0.00584789441647669
45063,2021-01-10,355,"Lexington","South Carolina",8.49216838079707,0.0224861720518815,-22.661807496776,8.64957158516024,0.022486172051881,-22.6618074967854,8.64957158516023,2021-01-17,362,8.63594084104801,0.000185797185052962,0.000185797185052865,0.00157837395636571,0.0015783739563653
45065,2021-01-10,355,"McCormick","South Carolina",4.65938777189289,0.0218886987894454,142.132720098482,4.81260866341901,0.0218886987894438,142.132720098466,4.812608663419,2021-01-17,362,4.81334512160838,5.42370664687299e-07,5.42370664704306e-07,0.000153003404235844,0.000153003404238242
45067,2021-01-10,355,"Marion","South Carolina",6.42879739406417,0.0268801973369852,115.835186086279,6.61695877542306,0.0268801973369825,115.835186086255,6.61695877542305,2021-01-17,362,6.59226144874612,0.000609957944987949,0.000609957944987027,0.00374641189051244,0.00374641189050961
45069,2021-01-10,355,"Marlboro","South Carolina",5.9246376954524,0.0259152000430312,126.383678859713,6.10604409575362,0.0259152000430305,126.383678859707,6.10604409575361,2021-01-17,362,6.14295864010668,0.00136268358479396,0.00136268358479435,0.00600924513996368,0.00600924513996455
45071,2021-01-10,355,"Newberry","South Carolina",6.41649882856006,0.0190930962104266,18.9361810235856,6.55015050203304,0.0190930962104261,18.9361810235773,6.55015050203304,2021-01-17,362,6.51365392952429,0.00133199980488692,0.00133199980488666,0.00560308743811662,0.00560308743811607
45073,2021-01-10,355,"Oconee","South Carolina",7.29534732555559,0.0109184161280318,-313.16901279533,7.37177623845181,0.0109184161280327,-313.169012795273,7.37177623845182,2021-01-17,362,7.37480813039048,9.19236872773198e-06,9.19236872769428e-06,0.000411114687332597,0.000411114687331754
45075,2021-01-10,355,"Orangeburg","South Carolina",7.08828952520199,0.0310064805107406,126.393289130425,7.30533488877718,0.0310064805107384,126.393289130409,7.30533488877716,2021-01-17,362,7.33274286310296,0.00075119705664258,0.000751197056643456,0.00373775200323624,0.00373775200323842
45077,2021-01-10,355,"Pickens","South Carolina",8.04824043837806,0.00829994447211888,-614.674009918217,8.10634004968289,0.00829994447211746,-614.674009918383,8.10634004968288,2021-01-17,362,8.15822991695949,0.00269255832598371,0.00269255832598482,0.0063604320796029,0.00636043207960421
45079,2021-01-10,355,"Richland","South Carolina",8.50604557267132,0.0227933425743038,-18.181140279998,8.66559897069144,0.022793342574305,-18.1811402799786,8.66559897069145,2021-01-17,362,8.66161506687193,1.58714896431044e-05,1.58714896431751e-05,0.00045994930376749,0.000459949303768516
45081,2021-01-10,355,"Saluda","South Carolina",5.14583196603984,0.0184723976354426,76.4312907509821,5.27513874948794,0.018472397635442,76.4312907509731,5.27513874948793,2021-01-17,362,5.31109255803676,0.0012926763491654,0.00129267634916571,0.00676956919050813,0.00676956919050897
45083,2021-01-10,355,"Spartanburg","South Carolina",8.67131121764915,0.0159722960576454,-187.896975259764,8.78311729005267,0.0159722960576438,-187.896975259818,8.78311729005266,2021-01-17,362,8.75129363896245,0.00101274476871156,0.00101274476871088,0.00363645106690593,0.00363645106690472
45085,2021-01-10,355,"Sumter","South Carolina",7.06549136030347,0.0487535616182285,210.077431765277,7.40676629163107,0.0487535616182253,210.077431765268,7.40676629163105,2021-01-17,362,7.30595596974937,0.0101627209978929,0.0101627209978884,0.0137983752296228,0.0137983752296198
45087,2021-01-10,355,"Union","South Carolina",5.86037914021172,0.0180777314199573,30.8233096802173,5.98692326015142,0.0180777314199565,30.823309680202,5.98692326015142,2021-01-17,362,5.90497251575454,0.00671592450720336,0.00671592450720234,0.0138782600898206,0.0138782600898195
45089,2021-01-10,355,"Williamsburg","South Carolina",6.36204239621571,0.0490120822825575,225.194407176211,6.70512697219361,0.0490120822825579,225.194407176212,6.70512697219361,2021-01-17,362,6.58971217782929,0.0133205747581571,0.013320574758158,0.0175143908033831,0.0175143908033837
45091,2021-01-10,355,"York","South Carolina",8.3852279187242,0.0114103339672676,-379.880148361878,8.46510025649508,0.011410333967266,-379.880148361983,8.46510025649507,2021-01-17,362,8.48570252432487,0.000424453439730351,0.00042445343973079,0.00242788004537408,0.00242788004537534
46003,2021-01-10,355,"Aurora","South Dakota",3.2470467018349,0.0396652563924313,273.138769362538,3.52470349658192,0.0396652563924316,273.138769362538,3.52470349658192,2021-01-17,362,3.42472787907235,0.0099951240964191,0.00999512409641954,0.029192280683231,0.0291922806832316
46005,2021-01-10,355,"Beadle","South Dakota",4.59943951127911,-0.0014357504261061,3558.50906929782,4.58938925829636,0,354,4.59943951127911,2021-01-17,362,4.57618264911484,0.000174414526073542,0.000540881637727757,0.00288594450749897,0.00508215339017695
46009,2021-01-10,355,"Bon Homme","South Dakota",4.01251454397447,-0.00772204609391015,874.618051378748,3.9584602213171,0,354,4.01251454397447,2021-01-17,362,3.81614123372486,0.0202546942292786,0.0385624769783878,0.0372939518942594,0.0514586065405994
46011,2021-01-10,355,"Brookings","South Dakota",5.88451546876502,0.0200729340960422,61.8432825709686,6.02502600743731,0.0200729340960413,61.8432825709549,6.02502600743731,2021-01-17,362,5.98321633825149,0.0017480484374281,0.00174804843742758,0.00698782507972009,0.00698782507971905
46013,2021-01-10,355,"Brown","South Dakota",6.1284275450342,0.00593473551981483,-677.637010456941,6.16997069367291,0.00593473551981472,-677.63701045696,6.1699706936729,2021-01-17,362,6.13370788033453,0.00131499163121416,0.00131499163121409,0.00591205418416532,0.00591205418416518
46015,2021-01-10,355,"Brule","South Dakota",3.35739475900376,0.0150378773645397,131.737455851268,3.46265990055554,0.0150378773645397,131.737455851267,3.46265990055554,2021-01-17,362,3.56347818757266,0.0101643269970673,0.0101643269970674,0.0282921016238348,0.028292101623835
46019,2021-01-10,355,"Butte","South Dakota",4.54632968596516,0,354,4.54632968596516,0,354,4.54632968596516,2021-01-17,362,4.47733681447821,0.00476001631601503,0.00476001631601503,0.0154093547896267,0.0154093547896267
46023,2021-01-10,355,"Charles Mix","South Dakota",4.62357127135898,-0.01254371847853,723.596543303547,4.53576524200927,0,354,4.62357127135898,2021-01-17,362,4.54935540688169,0.000184692581259569,0.00550799454011139,0.00298727262588957,0.0163134901188474
46025,2021-01-10,355,"Clark","South Dakota",3.23023958351852,-0.0223472986919974,499.54720581845,3.07380849267453,0,354,3.23023958351852,2021-01-17,362,3.07797037179096,1.73212377797592e-05,0.0231859128401306,0.00135215048025505,0.049470655443299
46027,2021-01-10,355,"Clay","South Dakota",4.92414326274281,-0.016478230732382,653.827182524286,4.80879564761614,0,354,4.92414326274281,2021-01-17,362,4.79579054559674,0.000169132678534995,0.01647441999878,0.00271177439793329,0.0267636202886135
46029,2021-01-10,355,"Codington","South Dakota",5.87653458043401,-0.0241452458018689,598.382677842904,5.70751785982092,0,354,5.87653458043401,2021-01-17,362,5.75347925720142,0.00211245004916809,0.0151426125758757,0.00798845278236994,0.02138798416255
46033,2021-01-10,355,"Custer","South Dakota",3.96217278911362,-0.0320883145514997,478.477123821963,3.73755458725312,0,354,3.96217278911362,2021-01-17,362,3.6959969218828,0.00172703955103144,0.0708495922960777,0.0112439664449583,0.0720173400726814
46035,2021-01-10,355,"Davison","South Dakota",5.08847778086019,-0.00439561147303826,1512.62683123197,5.05770850054892,0,354,5.08847778086019,2021-01-17,362,5.13411635086728,0.00583815959027254,0.00208287907229204,0.0148823760695354,0.00888927458751112
46037,2021-01-10,355,"Day","South Dakota",4.21318523943662,-0.04546237407676,447.674114033793,3.8949486208993,0,354,4.21318523943662,2021-01-17,362,4.12019794104843,0.0507372562276475,0.00864663766153339,0.0546695385445044,0.0225686483316196
46039,2021-01-10,355,"Deuel","South Dakota",3.85620822632175,6.28036983473505e-16,-6140097363365241,3.85620822632175,0,354,3.85620822632175,2021-01-17,362,3.83791503327442,0.000334640911866916,0.000334640911866753,0.00476644034292848,0.00476644034292732
46041,2021-01-10,355,"Dewey","South Dakota",4.85091356921954,-0.0297215052817395,518.212243903403,4.64286303224737,0,354,4.85091356921954,2021-01-17,362,4.76217393479776,0.0142350914673886,0.00787472271731233,0.025053873332633,0.0186342699021041
46043,2021-01-10,355,"Douglas","South Dakota",3.72741311811618,-0.0502618347808868,429.159909489289,3.37558027464997,0,354,3.72741311811618,2021-01-17,362,3.40594798442075,0.000922197796722325,0.103339832181819,0.00891608148735266,0.0943834536422315
46045,2021-01-10,355,"Edmunds","South Dakota",4.51867815463465,0.0156989095431037,67.1661130521229,4.62857052143637,0.0156989095431035,67.1661130521198,4.62857052143637,2021-01-17,362,4.56880254181722,0.00357221138775589,0.00357221138775578,0.0130817602800982,0.0130817602800981
46047,2021-01-10,355,"Fall River","South Dakota",4.00992722040952,-0.0430991924818526,448.039497714439,3.70823287303655,0,354,4.00992722040952,2021-01-17,362,3.8098320645316,0.0103223957124478,0.0400380714058086,0.0266676299044538,0.0525207286013326
46051,2021-01-10,355,"Grant","South Dakota",4.03044076024262,-0.034916265106232,470.431611828473,3.786026904499,0,354,4.03044076024262,2021-01-17,362,3.89763426797605,0.0124562035822984,0.0176375643881515,0.0286346424019422,0.0340736157206297
46057,2021-01-10,355,"Hamlin","South Dakota",4.07995582477,-0.00481928643595096,1201.5891951004,4.04622081971834,0,354,4.07995582477,2021-01-17,362,4.07268306544092,0.000700250448682041,5.28930282587202e-05,0.00649749693196715,0.00178574153996749
46065,2021-01-10,355,"Hughes","South Dakota",5.16478597392351,-0.025787085611425,555.285757442681,4.98427637464354,0,354,5.16478597392351,2021-01-17,362,5.06259503302697,0.00613381225097997,0.0104429884013217,0.0154700618699497,0.0201854859474009
46067,2021-01-10,355,"Hutchinson","South Dakota",3.85620822632175,-0.0472064045698007,436.688242548103,3.52576339433314,0,354,3.85620822632175,2021-01-17,362,3.76120011569356,0.0554304497649429,0.00902654108513791,0.0625961698709039,0.0252600520327986
46077,2021-01-10,355,"Kingsbury","South Dakota",4.1225154391888,0.0139862419747385,60.24495095718,4.22041913301197,0.013986241974739,60.2449509571897,4.22041913301197,2021-01-17,362,4.1061790198691,0.0130508034508939,0.0130508034508947,0.0278215130392692,0.0278215130392701
46079,2021-01-10,355,"Lake","South Dakota",4.63611498983751,-0.0082759093038623,915.194030603244,4.57818362471048,0,354,4.63611498983751,2021-01-17,362,4.48702994368387,0.00830899356470072,0.0222263509866344,0.0203149259467101,0.0332257747384778
46081,2021-01-10,355,"Lawrence","South Dakota",5.56123093067229,-0.0163402328458873,695.339760340196,5.44684930075108,0,354,5.56123093067229,2021-01-17,362,5.42934562895444,0.000306378526364558,0.0173937328092091,0.00322390081473091,0.0242911965328777
46083,2021-01-10,355,"Lincoln","South Dakota",6.64378973314767,-0.0289662781438852,584.362906071182,6.44102578614048,0,354,6.64378973314767,2021-01-17,362,6.44617323131808,2.64961918564308e-05,0.0390522817953655,0.000798527280122554,0.030656405705868
46085,2021-01-10,355,"Lyman","South Dakota",3.62624388312245,0.0506931143155232,283.466736911209,3.98109568333111,0.0506931143155196,283.466736911204,3.98109568333109,2021-01-17,362,3.94573406277046,0.00125044420867588,0.00125044420867409,0.00896198780711244,0.00896198780710602
46087,2021-01-10,355,"McCook","South Dakota",4.03550406219917,-0.0100503358534993,756.529274346996,3.96515171122467,0,354,4.03550406219917,2021-01-17,362,3.87120101090789,0.00882673409001376,0.026995492663624,0.0242691350958157,0.0424423972891926
46089,2021-01-10,355,"McPherson","South Dakota",3.18398856586776,0.00593473551981231,-181.50049867234,3.22553171450644,0.0059347355198125,-181.500498672324,3.22553171450645,2021-01-17,362,3.59535339610311,0.136768076178987,0.136768076178986,0.102861009990702,0.102861009990702
46091,2021-01-10,355,"Marshall","South Dakota",3.38680864421006,-0.0789272585896681,397.910506518636,2.83431783408238,0,354,3.38680864421006,2021-01-17,362,3.00284974132285,0.0284030037581115,0.147424439106345,0.0561239894628325,0.127864840389269
46093,2021-01-10,355,"Meade","South Dakota",5.52031740716017,-0.0181410870706462,659.299151735647,5.39332979766565,0,354,5.52031740716017,2021-01-17,362,5.48182869147758,0.00783205420593585,0.0014813812348953,0.0161440458636585,0.00702114528723376
46099,2021-01-10,355,"Minnehaha","South Dakota",7.68668689366887,-0.0233902269929929,683.628144394306,7.52295530471792,0,354,7.68668689366887,2021-01-17,362,7.57441180286742,0.00264777120180925,0.0126056960144745,0.00679346456051121,0.0148229451637353
46101,2021-01-10,355,"Moody","South Dakota",3.90629233071916,-0.0476948738080172,436.901722739489,3.57242821406304,0,354,3.90629233071916,2021-01-17,362,3.89763426797605,0.105758977501669,7.49620504636965e-05,0.0834367802502616,0.00222136356257197
46102,2021-01-10,355,"Oglala Lakota","South Dakota",4.88604341651054,-0.0391377290446992,479.842282262473,4.61207931319764,0,354,4.88604341651054,2021-01-17,362,4.69787958409236,0.00736168648560686,0.0354056278302959,0.0182636164590613,0.040052927932705
46103,2021-01-10,355,"Pennington","South Dakota",7.26712658446861,-0.0144556972698222,857.717125907134,7.16593670357986,0,354,7.26712658446861,2021-01-17,362,7.11894191617227,0.00220851004348445,0.0219586959180975,0.00660137250183619,0.0208155467541756
46105,2021-01-10,355,"Perkins","South Dakota",3.90629233071916,-0.0114286958236225,696.796858627128,3.8262914599538,0,354,3.90629233071916,2021-01-17,362,3.64507683145554,0.0328387415817622,0.0682335370555407,0.0497148995418835,0.0716625496092243
46107,2021-01-10,355,"Potter","South Dakota",3.32194801000801,0.108802859848796,324.468192153914,4.08356802894959,0.108802859848797,324.468192153915,4.08356802894959,2021-01-17,362,3.62624388312245,0.209145374356519,0.209145374356524,0.126115109895297,0.126115109895298
46109,2021-01-10,355,"Roberts","South Dakota",5.05533547301416,-0.00181983671698292,3132.90607576888,5.04259661599528,0,354,5.05533547301416,2021-01-17,362,4.95884062090652,0.00701506671330852,0.00931125648327555,0.0168902373542002,0.019459155775408
46115,2021-01-10,355,"Spink","South Dakota",3.94019388239484,-0.0593165771564194,421.42652140909,3.52497784229991,0,354,3.94019388239484,2021-01-17,362,3.76120011569356,0.0558009624472673,0.0320387685179121,0.0628050266211632,0.0475895355725504
46117,2021-01-10,355,"Stanley","South Dakota",3.4106761256167,-0.00470589103741219,1079.7673391716,3.37773488835481,0,354,3.4106761256167,2021-01-17,362,3.55125807623789,0.030110296733105,0.0197632848404587,0.0488624549829679,0.0395865204958911
46121,2021-01-10,355,"Todd","South Dakota",4.28850057666306,-0.0478560211776389,444.612560157151,3.95350842841959,0,354,4.28850057666306,2021-01-17,362,4.02279741093005,0.0048009630973358,0.0705981722805409,0.0172240795229228,0.0660493528734712
46123,2021-01-10,355,"Tripp","South Dakota",3.67810735713203,-0.0458634167931787,435.196976464236,3.35706343957977,0,354,3.67810735713203,2021-01-17,362,3.34235688163922,0.000216282846458835,0.112728381793644,0.0044000561464101,0.100453209331775
46125,2021-01-10,355,"Turner","South Dakota",4.42056029867612,-0.0287911503840152,508.53885620112,4.21902224598802,0,354,4.42056029867612,2021-01-17,362,4.32507828280299,0.0112478829448982,0.009116815355198,0.0245211831741082,0.0220763670920789
46127,2021-01-10,355,"Union","South Dakota",5.35523765680072,-0.004040409537008,1680.4195169449,5.32695479004166,0,354,5.35523765680072,2021-01-17,362,5.4192699769657,0.00852209373681962,0.0041001380257105,0.0170346167133979,0.0118156726712538
46129,2021-01-10,355,"Walworth","South Dakota",4.23203396499529,-0.00207253960197141,2396.95565718974,4.21752618778149,0,354,4.23203396499529,2021-01-17,362,4.21106883653024,4.16973851819686e-05,0.000439536611555884,0.00153342334260359,0.00497857652745485
46135,2021-01-10,355,"Yankton","South Dakota",5.67870883710409,-0.0307716586667572,539.543475494833,5.46330722643679,0,354,5.67870883710409,2021-01-17,362,5.45776014095706,3.07701573193617e-05,0.0488183263290701,0.00101636666626229,0.0404834016960443
46137,2021-01-10,355,"Ziebach","South Dakota",3.50941096630239,0.0129034048359077,83.0244237136264,3.59973480015374,0.0129034048359071,83.0244237136135,3.59973480015374,2021-01-17,362,3.73766961828337,0.0190260140524532,0.0190260140524544,0.036903962151951,0.0369039621519522
47001,2021-01-10,355,"Anderson","Tennessee",7.45314794722006,-0.0361044173935805,561.433131601931,7.200417025465,0,354,7.45314794722006,2021-01-17,362,7.28550654852279,0.00724022693420217,0.0281036385571784,0.0116792871560925,0.0230102598331018
47003,2021-01-10,355,"Bedford","Tennessee",6.99471903579032,-0.0294214769813639,592.741940699337,6.78876869692078,0,354,6.99471903579032,2021-01-17,362,6.85088253861935,0.00385812933055551,0.0206889379184154,0.00906654600315068,0.0209953237937079
47005,2021-01-10,355,"Benton","Tennessee",5.27079933765415,-0.0225054870703485,589.200633880017,5.11326092816171,0,354,5.27079933765415,2021-01-17,362,5.16315198663186,0.0024891177152723,0.0115879521821152,0.00966290719299545,0.0208491540247121
47007,2021-01-10,355,"Bledsoe","Tennessee",5.59524230608099,-0.0277432082706925,556.679713877638,5.40103984818615,0,354,5.59524230608099,2021-01-17,362,5.41736943790772,0.000266655500475039,0.0316387572321855,0.00301430240428349,0.0328338080339537
47009,2021-01-10,355,"Blount","Tennessee",7.98261142120046,-0.0254214257688537,669.011161049068,7.80466144081848,0,354,7.98261142120046,2021-01-17,362,7.85974404313205,0.00303409307763493,0.0150963925934047,0.00700819288914403,0.0156324910065957
47011,2021-01-10,355,"Bradley","Tennessee",7.79764336556449,-0.0281154632954805,632.343584333463,7.60083512249612,0,354,7.79764336556449,2021-01-17,362,7.64457752304474,0.00191339760575568,0.0234291521462797,0.00572201673889171,0.0200227994363751
47013,2021-01-10,355,"Campbell","Tennessee",6.73882931357273,-0.03179626991646,566.937731415603,6.5162554241575,0,354,6.73882931357273,2021-01-17,362,6.53586309712966,0.000384460839383119,0.0411952850172118,0.0030000128033235,0.0310542331482123
47015,2021-01-10,355,"Cannon","Tennessee",5.78118433572453,-0.0527906302906861,464.511561121567,5.41164992368972,0,354,5.78118433572453,2021-01-17,362,5.57215403217776,0.0257615688415406,0.0436936678008519,0.0288046790453333,0.037513374960503
47017,2021-01-10,355,"Carroll","Tennessee",6.30627528694802,-0.0111472314366415,920.725698151292,6.22824466689153,0,354,6.30627528694802,2021-01-17,362,6.21403650652324,0.000201871821051052,0.00850799261425093,0.00228646232660125,0.0148436174019822
47019,2021-01-10,355,"Carter","Tennessee",7.00863433933141,-0.0267600065704113,616.907048523706,6.82131429333853,0,354,7.00863433933141,2021-01-17,362,6.81579661941133,3.04447255669864e-05,0.0371863862239776,0.000809542044064711,0.0282927632216733
47021,2021-01-10,355,"Cheatham","Tennessee",6.75293771016718,-0.0299020142560371,580.835545804537,6.54362361037492,0,354,6.75293771016718,2021-01-17,362,6.52921026593902,0.000207744497827878,0.0500539693008642,0.00220751727220209,0.0342656209733787
47023,2021-01-10,355,"Chester","Tennessee",5.90536184805457,-0.00116708824762481,5414.91030247528,5.8971922303212,0,354,5.90536184805457,2021-01-17,362,5.76115250631516,0.0185068065076386,0.020796334244914,0.0236132829077021,0.0250313355845611
47025,2021-01-10,355,"Claiborne","Tennessee",6.23441072571837,-0.0232568621642709,623.067578578859,6.07161269056848,0,354,6.23441072571837,2021-01-17,362,6.20108854833468,0.0167639977442941,0.00111036750559028,0.0208795369969317,0.00537360128370389
47027,2021-01-10,355,"Clay","Tennessee",5.06620514525107,-0.0636935696720038,434.540292235778,4.62035015754704,0,354,5.06620514525107,2021-01-17,362,4.72991307257953,0.0120040323504167,0.113092358141718,0.023163832685986,0.071098996432113
47029,2021-01-10,355,"Cocke","Tennessee",6.83349344883904,-0.016784037576107,762.142406459271,6.71600518580629,0,354,6.83349344883904,2021-01-17,362,6.68300329197133,0.00108912499669352,0.0226472873140657,0.00493818308822326,0.0225183424716392
47031,2021-01-10,355,"Coffee","Tennessee",7.11743719918021,-0.0416325080828411,525.958645705846,6.82600964260032,0,354,7.11743719918021,2021-01-17,362,6.84131017957399,0.000234106431682556,0.076246130956614,0.0022364922174337,0.0403617161564534
47033,2021-01-10,355,"Crockett","Tennessee",5.82050674896434,-0.0217946598274211,622.061142273082,5.66794413017239,0,354,5.82050674896434,2021-01-17,362,5.54238336610411,0.0157655054734105,0.0773526160936174,0.022654651577547,0.0501811882160957
47035,2021-01-10,355,"Cumberland","Tennessee",7.25951817855985,-0.0129794154387821,914.31010243101,7.16866227048838,0,354,7.25951817855985,2021-01-17,362,7.12689080889881,0.00174485500332869,0.0175900191832066,0.00586110587486627,0.0186094291630566
47037,2021-01-10,355,"Davidson","Tennessee",9.66605489648747,-0.0228682696607777,777.684140071433,9.50597700886203,0,354,9.66605489648747,2021-01-17,362,9.5447697069676,0.0015048734263098,0.0147100971968722,0.00406428853671037,0.01270697913553
47039,2021-01-10,355,"Decatur","Tennessee",5.64997976866322,-0.0480720312839948,472.531537939075,5.31347554967526,0,354,5.64997976866322,2021-01-17,362,5.1857883614116,0.0163040180466795,0.215473662566243,0.0246225220477188,0.0895122158678432
47041,2021-01-10,355,"DeKalb","Tennessee",6.25712009265955,-0.0248795958826238,606.496050103836,6.08296292148118,0,354,6.25712009265955,2021-01-17,362,6.12811606706875,0.00203880655645225,0.016642038618631,0.00736819360034863,0.0210511720370374
47043,2021-01-10,355,"Dickson","Tennessee",7.02286808608264,-0.0303471563892922,586.417665497009,6.8104379913576,0,354,7.02286808608264,2021-01-17,362,6.83656611986923,0.000682679099520237,0.0347084226149845,0.00382182049489628,0.0272508102674474
47045,2021-01-10,355,"Dyer","Tennessee",6.53482650535031,-0.0158455831064936,767.406817813621,6.42390742360485,0,354,6.53482650535031,2021-01-17,362,6.46814228344141,0.00195672282475984,0.00444678545159526,0.0068388816909299,0.0103096405407797
47047,2021-01-10,355,"Fayette","Tennessee",6.73135899020756,-0.00865365542785412,1132.86307143001,6.67078340221258,0,354,6.73135899020756,2021-01-17,362,6.65819441435022,0.000158482615398624,0.00535305516038417,0.00189075101730679,0.0109886511724032
47049,2021-01-10,355,"Fentress","Tennessee",6.08709934954135,-0.0453686050298572,489.169859212894,5.76951911433235,0,354,6.08709934954135,2021-01-17,362,5.78689738136671,0.000302004165117302,0.0901212216959315,0.00300303701432655,0.0518761520018085
47051,2021-01-10,355,"Franklin","Tennessee",6.83503096451707,-0.0251833696960627,626.410500143899,6.65874737664464,0,354,6.83503096451707,2021-01-17,362,6.64620496887818,0.000157311992579944,0.0356552566290181,0.00188715331910213,0.0284111002479001
47053,2021-01-10,355,"Gibson","Tennessee",7.01262996235686,-0.029781076911516,590.472678949536,6.80416242397625,0,354,7.01262996235686,2021-01-17,362,6.79234442747081,0.000139665041402501,0.0485257168800323,0.00173989947530336,0.0324314435521158
47055,2021-01-10,355,"Giles","Tennessee",6.85976479498327,-0.010881824603275,985.387370231893,6.78359202276034,0,354,6.85976479498327,2021-01-17,362,6.63388218411744,0.0224130357864833,0.0510229538915621,0.0225674551473539,0.0340498375757448
47057,2021-01-10,355,"Grainger","Tennessee",6.1584911588663,-0.0408582585952568,505.72818496433,5.8724833486995,0,354,6.1584911588663,2021-01-17,362,5.94504656708361,0.00526542066225921,0.0455585937612805,0.0122056602190251,0.0359029301745907
47059,2021-01-10,355,"Greene","Tennessee",7.41972310732691,-0.025110166565284,650.486813599438,7.24395194136992,0,354,7.41972310732691,2021-01-17,362,7.23242342678578,0.000132906648516584,0.0350811703308062,0.00159400437499788,0.0258972227548852
47061,2021-01-10,355,"Grundy","Tennessee",5.72405184641826,-0.018035170919438,672.38273354809,5.5978056499822,0,354,5.72405184641826,2021-01-17,362,5.57594910314632,0.000477708639589026,0.0219344225646762,0.00391978951593144,0.0265609926726873
47063,2021-01-10,355,"Hamblen","Tennessee",7.37856215696578,-0.0271940020455222,626.330499446687,7.18820414264712,0,354,7.37856215696578,2021-01-17,362,7.25629723969068,0.0046366698649832,0.0149487099962868,0.00938400051628248,0.0168494913089187
47065,2021-01-10,355,"Hamilton","Tennessee",9.04856066498443,0.0136286582154471,-308.936282056627,9.14396127249256,0.0136286582154472,-308.936282056619,9.14396127249256,2021-01-17,362,9.0918946167697,0.00271093663816292,0.0027109366381631,0.00572671130908464,0.00572671130908484
47067,2021-01-10,355,"Hancock","Tennessee",4.55687989686031,0.00150037537523609,-2682.15988150183,4.56738252448696,0.00150037537523584,-2682.15988150234,4.56738252448696,2021-01-17,362,4.52798054729696,0.00155251580648141,0.00155251580648127,0.00870188747023729,0.00870188747023689
47069,2021-01-10,355,"Hardeman","Tennessee",5.94167388260497,-0.0119404403719162,852.609275498725,5.85809080000155,0,354,5.94167388260497,2021-01-17,362,5.77099598624308,0.00758550658362396,0.0291309443065207,0.0150918167273197,0.0295751195753306
47071,2021-01-10,355,"Hardin","Tennessee",6.3617958174942,-0.0219521010198821,644.803504991722,6.20813111035502,0,354,6.3617958174942,2021-01-17,362,6.21346458772011,2.84459808038982e-05,0.0220021537262932,0.000858374146949837,0.0238725477034567
47073,2021-01-10,355,"Hawkins","Tennessee",7.04003588970501,-0.0155234411883675,808.510004919559,6.93137180138643,0,354,7.04003588970501,2021-01-17,362,6.94201866994799,0.000113355810167001,0.00960737536889563,0.00153368480664623,0.0141194117182852
47075,2021-01-10,355,"Haywood","Tennessee",5.81156861752887,-0.027826415955688,563.850777864582,5.61678370583905,0,354,5.81156861752887,2021-01-17,362,5.63835466933375,0.000465306466089512,0.0300030718493418,0.00382575498700316,0.030720654934534
47077,2021-01-10,355,"Henderson","Tennessee",6.55454371835663,-0.0219258506915965,653.941364262267,6.40106276351545,0,354,6.55454371835663,2021-01-17,362,6.34035930372775,0.00368491003019676,0.0458749634699133,0.00957413560963473,0.0337811162378363
47079,2021-01-10,355,"Henry","Tennessee",6.02344759296103,-0.0400053346137037,505.566109523246,5.74341025066511,0,354,6.02344759296103,2021-01-17,362,5.85956447621554,0.013491804113222,0.0268576759542153,0.0198230134717209,0.0279684808334652
47081,2021-01-10,355,"Hickman","Tennessee",6.21916910974975,-0.0255524220984742,598.388633992592,6.04030215506043,0,354,6.21916910974975,2021-01-17,362,6.05443934626937,0.000199860175278032,0.027135894976303,0.00233501244300145,0.0272080954253653
47083,2021-01-10,355,"Houston","Tennessee",5.09199581439187,0.0239904886366564,142.749391372899,5.25992923484846,0.0239904886366551,142.749391372888,5.25992923484846,2021-01-17,362,5.09812274821937,0.0261813391152502,0.0261813391152474,0.0317384446432965,0.0317384446432947
47085,2021-01-10,355,"Humphreys","Tennessee",5.55295958492162,-0.0486319488380419,469.183365413024,5.21253594305532,0,354,5.55295958492162,2021-01-17,362,5.32300997913841,0.0122045126484866,0.0528768211998532,0.0207540539123629,0.0431991686441341
47087,2021-01-10,355,"Jackson","Tennessee",4.99624655664416,-0.024810432914518,556.376839084519,4.82257352624253,0,354,4.99624655664416,2021-01-17,362,4.79697048673659,0.000655515631942821,0.0397109520378059,0.00533733521536836,0.041542067114767
47089,2021-01-10,355,"Jefferson","Tennessee",7.04726874328421,-0.0114894092344548,968.370853059237,6.96684287864303,0,354,7.04726874328421,2021-01-17,362,6.98219992914733,0.00023583900019168,0.00423395057318004,0.00219945728568923,0.00931924247331426
47091,2021-01-10,355,"Johnson","Tennessee",5.4368363006836,-0.00743497848751608,1086.25111388183,5.38479145127099,0,354,5.4368363006836,2021-01-17,362,5.47944773797184,0.00895981261199406,0.00181573458776963,0.0172747859323299,0.00777659343166076
47093,2021-01-10,355,"Knox","Tennessee",9.20433667149331,-0.0228186759112432,758.368569994816,9.04460594011461,0,354,9.20433667149331,2021-01-17,362,9.0603974935891,0.000249373161137885,0.0207184869357383,0.00174292060427484,0.0158866294780171
47095,2021-01-10,355,"Lake","Tennessee",5.13579843705026,-0.00836824967051391,968.724331761586,5.07722068935666,0,354,5.13579843705026,2021-01-17,362,5.14832469686944,0.00505577988437694,0.000156907185057575,0.0138110961719281,0.00243307494315496
47097,2021-01-10,355,"Lauderdale","Tennessee",5.94542060860658,-0.0130040844232097,812.196401923936,5.85439201764411,0,354,5.94542060860658,2021-01-17,362,5.94504656708361,0.00821824733407857,1.39907060904922e-07,0.0152487534650162,6.29165001061425e-05
47099,2021-01-10,355,"Lawrence","Tennessee",6.97005916231829,-0.0207233771146082,691.337997603923,6.82499552251603,0,354,6.97005916231829,2021-01-17,362,6.78703937524112,0.00144066911595506,0.0334962424617734,0.00559244542080866,0.0269660712069569
47101,2021-01-10,355,"Lewis","Tennessee",5.32091719846528,-0.0517122010473047,457.894811876173,4.95893179113415,0,354,5.32091719846528,2021-01-17,362,5.10160707230198,0.0203562358563206,0.0480969314377619,0.027966732667919,0.0429884393398294
47103,2021-01-10,355,"Lincoln","Tennessee",6.82266413508637,-0.0482789564857439,496.317555964595,6.48471143968617,0,354,6.82266413508637,2021-01-17,362,6.55535689181067,0.00499077990587495,0.0714531623076584,0.0107767514859113,0.0407769169073988
47105,2021-01-10,355,"Loudon","Tennessee",7.19593722647557,-0.0297521681288697,596.862616374941,6.98767204957348,0,354,7.19593722647557,2021-01-17,362,6.95368421087054,0.00115517317969729,0.0586865235697318,0.0048877454989703,0.0348380812614877
47107,2021-01-10,355,"McMinn","Tennessee",6.97314165487498,-0.0317403348378849,574.69338667946,6.75095931100978,0,354,6.97314165487498,2021-01-17,362,6.82064000049104,0.00485539848658286,0.0232567545898389,0.0102161511934711,0.0223588481979641
47109,2021-01-10,355,"McNairy","Tennessee",6.24859536071033,-0.0164342236133817,735.218470169916,6.13355579541665,0,354,6.24859536071033,2021-01-17,362,6.08677472691231,0.00218846837040851,0.0261859175227932,0.00768569079737886,0.0265856124233645
47111,2021-01-10,355,"Macon","Tennessee",6.14938362778933,-0.0365310081625517,523.33325815774,5.89366657065147,0,354,6.14938362778933,2021-01-17,362,5.96394651821409,0.00493927102940432,0.0343869216076212,0.0117841344398345,0.0310930202021284
47113,2021-01-10,355,"Madison","Tennessee",7.46459169784316,-0.0232220475965341,676.444164939066,7.30203736466742,0,354,7.46459169784316,2021-01-17,362,7.31645325098802,0.000207817778408503,0.0219449994366523,0.00197033806218261,0.0202473031362747
47115,2021-01-10,355,"Marion","Tennessee",6.16691732969606,-0.0142817065950037,786.805351039314,6.06694538353104,0,354,6.16691732969606,2021-01-17,362,6.19789782771617,0.0171485426380613,0.000959791257574098,0.021128525804271,0.00499854932773662
47117,2021-01-10,355,"Marshall","Tennessee",6.68049612733424,-0.0198834883610966,690.98209760844,6.54131170880656,0,354,6.68049612733424,2021-01-17,362,6.55840041652991,0.000292023931653943,0.0149073625968148,0.00260562128537856,0.0186166905113934
47119,2021-01-10,355,"Maury","Tennessee",7.73468382092181,-0.00517280141318763,1850.26015075755,7.6984742110295,0,354,7.73468382092181,2021-01-17,362,7.66011431917393,0.001471481303171,0.00556061059092748,0.00500774404365631,0.00973477661569995
47121,2021-01-10,355,"Meigs","Tennessee",5.61677109766657,-0.0417151020744576,489.645987144923,5.32476538314537,0,354,5.61677109766657,2021-01-17,362,5.4236905714711,0.00978619288528072,0.0372800895959215,0.0182394602018927,0.0355994730250816
47123,2021-01-10,355,"Monroe","Tennessee",7.0297200352352,-0.0199067606464636,708.132293097823,6.89037271070995,0,354,7.0297200352352,2021-01-17,362,6.8330317327862,0.00328798774925228,0.0386862883202683,0.00839173300610029,0.0287849244875081
47125,2021-01-10,355,"Montgomery","Tennessee",8.16654089122119,-0.0111354333876119,1088.3833005823,8.08859285750791,0,354,8.16654089122119,2021-01-17,362,8.11701408773731,0.000807766327752751,0.00245290426333092,0.00350143906640995,0.00610160373612048
47127,2021-01-10,355,"Moore","Tennessee",5.27006485359615,-0.043141125445641,477.15872439945,4.96807697547666,0,354,5.27006485359615,2021-01-17,362,5.03787981620282,0.00487243657344116,0.0539098915893423,0.0138555986392642,0.0460878476391154
47129,2021-01-10,355,"Morgan","Tennessee",6.29552954077442,-0.0347005297287322,536.424594667259,6.05262583267329,0,354,6.29552954077442,2021-01-17,362,6.12718105063784,0.00555848052574164,0.0283412141312644,0.0121679476007632,0.0274756839638433
47131,2021-01-10,355,"Obion","Tennessee",6.38832128067955,-0.0256059509051728,604.485805246506,6.20907962434334,0,354,6.38832128067955,2021-01-17,362,6.20513479662971,1.55616656902007e-05,0.0335572879385411,0.000635736022329403,0.0295217573918513
47133,2021-01-10,355,"Overton","Tennessee",6.24969941823346,-0.00878885086060754,1066.09403463031,6.18817746220921,0,354,6.24969941823346,2021-01-17,362,6.12217947722293,0.00435573402224906,0.0162613353553294,0.0107801454092973,0.0208291739052994
47135,2021-01-10,355,"Perry","Tennessee",5.3306462536634,-0.0713874204299826,429.67206717312,4.83093431065352,0,354,5.3306462536634,2021-01-17,362,4.88712158373089,0.00315700965587095,0.19671413283874,0.0114970074132013,0.0907537621754676
47137,2021-01-10,355,"Pickett","Tennessee",4.93344565540513,-0.00102827772556527,5152.77547713882,4.92624771132617,0,354,4.93344565540513,2021-01-17,362,4.91160391349008,0.000214440815064327,0.000477061689883597,0.00298146961644679,0.00444696728395765
47139,2021-01-10,355,"Polk","Tennessee",5.85425292133765,-0.0198749190657946,649.554805579713,5.71512848787709,0,354,5.85425292133765,2021-01-17,362,5.76474317444589,0.00246161712332054,0.00801199478862671,0.00860657362651229,0.0155271005460469
47141,2021-01-10,355,"Putnam","Tennessee",7.5638679263835,-0.0226457957064839,689.007602312592,7.40534735643811,0,354,7.5638679263835,2021-01-17,362,7.38638233367161,0.000359672088533911,0.0315011356202903,0.0025675658136524,0.0240287578809455
47143,2021-01-10,355,"Rhea","Tennessee",6.91416327527747,-0.0303371276415029,582.910939920973,6.70180338178695,0,354,6.91416327527747,2021-01-17,362,6.72004781562604,0.000332859366108937,0.0376808116756859,0.00271492619392776,0.0288860235785906
47145,2021-01-10,355,"Roane","Tennessee",7.20053149707064,-0.0293072810806143,600.690873788818,6.99538052950634,0,354,7.20053149707064,2021-01-17,362,7.04714448109082,0.00267950668364056,0.0235275766711932,0.007345379638998,0.0217658395384674
47147,2021-01-10,355,"Robertson","Tennessee",7.4951450397314,-0.0279503065707605,623.159671907579,7.29949289373607,0,354,7.4951450397314,2021-01-17,362,7.28000825288419,0.000379651229126866,0.0462838370549407,0.00267645862134339,0.0295517229341017
47149,2021-01-10,355,"Rutherford","Tennessee",8.82164809588235,-0.0226470371302623,744.527691642027,8.66311883597051,0,354,8.82164809588235,2021-01-17,362,8.69296956563451,0.000891066061473,0.0165581641467441,0.00343389326726783,0.0148025975791446
47151,2021-01-10,355,"Scott","Tennessee",6.22087414000084,-0.0555007848165709,467.086237348908,5.83236864628484,0,354,6.22087414000084,2021-01-17,362,5.90691766322643,0.00555755592695755,0.098568669308598,0.0126206290982683,0.0531506438169851
47153,2021-01-10,355,"Sequatchie","Tennessee",5.90847106159705,-0.0565761721932294,459.433913298647,5.51243785624445,0,354,5.90847106159705,2021-01-17,362,5.63069961791772,0.0139858442740676,0.0771569749236973,0.0210030315410456,0.0493316039796221
47155,2021-01-10,355,"Sevier","Tennessee",7.87201951511917,-0.0342119610100602,585.095536260092,7.63253578804875,0,354,7.87201951511917,2021-01-17,362,7.64094700907314,7.07486391212685e-05,0.0533945030503898,0.00110080871054463,0.030241343876831
47157,2021-01-10,355,"Shelby","Tennessee",9.54926877342695,-0.0252384082462682,733.362560754556,9.37259991570307,0,354,9.54926877342695,2021-01-17,362,9.49503584612275,0.0149905570577328,0.0029412104039823,0.0128947307207562,0.00571171380320197
47159,2021-01-10,355,"Smith","Tennessee",5.9698030503268,-0.0291335116198843,559.911894186222,5.76586846898761,0,354,5.9698030503268,2021-01-17,362,5.76876732474561,8.40336470570312e-06,0.0404153629599548,0.000502508698100445,0.0348489918667422
47161,2021-01-10,355,"Stewart","Tennessee",5.40010006085798,0.00323102058144375,-1316.329514851,5.42271720492808,0.00323102058144364,-1316.32951485105,5.42271720492808,2021-01-17,362,5.36530823536432,0.0032957897863737,0.0032957897863736,0.0107000319544307,0.0107000319544306
47163,2021-01-10,355,"Sullivan","Tennessee",7.91184755177464,-0.0262921578136995,655.920434444227,7.72780244707874,0,354,7.91184755177464,2021-01-17,362,7.73218131711331,1.9174502779637e-05,0.0322799558773796,0.000566317557100785,0.0232361641938842
47165,2021-01-10,355,"Sumner","Tennessee",8.22247691303535,-0.0226450534432543,718.102561609751,8.06396153893257,0,354,8.22247691303535,2021-01-17,362,8.0791753752283,0.000231460814833289,0.0205353307378653,0.00188309271542464,0.0177371490469719
47167,2021-01-10,355,"Tipton","Tennessee",7.07520488981012,-0.0202147903764705,705.00139788961,6.93370135717482,0,354,7.07520488981012,2021-01-17,362,6.92306604021923,0.000113109966745982,0.0231462295548392,0.00153621486402272,0.0219756461525927
47169,2021-01-10,355,"Trousdale","Tennessee",5.22035582507832,-0.0122795096300618,780.127385567435,5.13439925766789,0,354,5.22035582507832,2021-01-17,362,5.14416668672078,9.54026703031218e-05,0.00580478480366572,0.00189873883326871,0.0148107833586
47171,2021-01-10,355,"Unicoi","Tennessee",5.86119314107067,-0.0288712915955884,558.011116481061,5.65909409990155,0,354,5.86119314107067,2021-01-17,362,5.70568542480229,0.00217075155600635,0.0241826498190064,0.00816577175779978,0.0272548703074998
47173,2021-01-10,355,"Union","Tennessee",5.60053612469071,-0.0594437273071,449.215763014944,5.18443003354101,0,354,5.60053612469071,2021-01-17,362,5.3890717298165,0.0418782238545096,0.0447171902995162,0.0379734593516827,0.0392394841776232
47175,2021-01-10,355,"Van Buren","Tennessee",4.74988876800318,-0.0304344853002494,511.069298400925,4.53684737090144,0,354,4.74988876800318,2021-01-17,362,4.76461296039711,0.0518771637583128,0.000216801841653475,0.047803586857702,0.00309032286910102
47177,2021-01-10,355,"Warren","Tennessee",7.06329275186927,-0.0544918907101218,484.620988734701,6.68184951689842,0,354,7.06329275186927,2021-01-17,362,6.69473884628784,0.000166134812109084,0.135831981319324,0.00192529233557356,0.0550512744475144
47179,2021-01-10,355,"Washington","Tennessee",7.87566211027955,-0.0288309221088158,628.167194602887,7.67384565551784,0,354,7.87566211027955,2021-01-17,362,7.7046831565147,0.000950951467731506,0.0292338026305218,0.00400243596919206,0.0221915619749108
47181,2021-01-10,355,"Wayne","Tennessee",5.81413053182507,-0.0198444341901454,647.985452551341,5.67521949249405,0,354,5.81413053182507,2021-01-17,362,5.62401750618734,0.00262164340175251,0.0361429625171313,0.00910416552764627,0.0338037755801031
47183,2021-01-10,355,"Weakley","Tennessee",6.42046015262634,-0.0320393537446197,555.392935631684,6.196184676414,0,354,6.42046015262634,2021-01-17,362,6.15576759839926,0.00163354019525002,0.0700621482632573,0.00656572512991808,0.0429991142446498
47185,2021-01-10,355,"White","Tennessee",6.34413146964918,-0.0342947140024146,539.988609883217,6.10406847163227,0,354,6.34413146964918,2021-01-17,362,6.14479856702868,0.00165894067100064,0.0397336060671106,0.00662838577247372,0.0324392899858521
47187,2021-01-10,355,"Williamson","Tennessee",8.53095520190377,-0.00264550418842862,3579.69918559116,8.51243667258477,0,354,8.53095520190377,2021-01-17,362,8.44166883204417,0.00500808725477989,0.00797205584270533,0.00838315763726354,0.0105768624233011
47189,2021-01-10,355,"Wilson","Tennessee",8.08698154069207,-0.0252035810151768,675.866369577495,7.91055647358584,0,354,8.08698154069207,2021-01-17,362,7.88999425215702,0.000422804950087757,0.0388039918443935,0.00260611361322563,0.0249667214245692
48001,2021-01-10,355,"Anderson","Texas",7.14079258246269,0.0545325452132996,224.054478302231,7.52252039895579,0.0545325452133003,224.054478302233,7.52252039895579,2021-01-17,362,7.15495012230205,0.135107908279307,0.135107908279311,0.0513728635938384,0.051372863593839
48003,2021-01-10,355,"Andrews","Texas",5.40267738187228,-0.0184895289534184,647.202002305387,5.27325067919835,0,354,5.40267738187228,2021-01-17,362,5.40332067555802,0.0169182039530046,4.13826766115109e-07,0.0240722333856739,0.000119055248497766
48005,2021-01-10,355,"Angelina","Texas",7.2229830330067,-0.00499065290355935,1802.30222128957,7.18804846268178,0,354,7.2229830330067,2021-01-17,362,7.24524740350409,0.00327171883119437,0.000495702193645364,0.00789468428568063,0.00307296207533632
48007,2021-01-10,355,"Aransas","Texas",5.08847778086019,0.0168817869742507,53.5818036549389,5.20665028967994,0.016881786974249,53.5818036549092,5.20665028967993,2021-01-17,362,5.18738580584075,0.00037112033759037,0.000371120337589925,0.00371371719016888,0.00371371719016666
48009,2021-01-10,355,"Archer","Texas",5.27665586976686,0.0199048222989339,89.9056529859359,5.4159896258594,0.0199048222989333,89.9056529859284,5.41598962585939,2021-01-17,362,5.28898827125952,0.016129344070204,0.0161293440702029,0.0240124099518251,0.0240124099518243
48013,2021-01-10,355,"Atascosa","Texas",6.75343791859778,0.0309800484397386,137.006863813194,6.97029825767595,0.030980048439738,137.00686381319,6.97029825767595,2021-01-17,362,6.75243725140287,0.0474634180543182,0.0474634180543166,0.0322640549125896,0.0322640549125891
48015,2021-01-10,355,"Austin","Texas",5.81199605929643,0.0185470056626504,41.6342651201904,5.94182509893499,0.0185470056626489,41.6342651201648,5.94182509893498,2021-01-17,362,5.93148703729797,0.000106875518410657,0.000106875518410437,0.00174291228691976,0.00174291228691796
48017,2021-01-10,355,"Bailey","Texas",3.45225255246244,0.0090909717012521,-24.7451654136113,3.5158893543712,0.00909097170125239,-24.7451654135993,3.51588935437121,2021-01-17,362,3.31158522297247,0.0417401781065927,0.0417401781065936,0.0616937562051793,0.06169375620518
48019,2021-01-10,355,"Bandera","Texas",5.52431398684465,0.0616935690053431,265.455594060927,5.95616896988206,0.0616935690053397,265.455594060922,5.95616896988203,2021-01-17,362,5.61625148217034,0.115543898452245,0.115543898452229,0.0605239079465791,0.060523907946575
48021,2021-01-10,355,"Bastrop","Texas",6.60626401125617,0.0193044895102385,12.786132715273,6.74139543782784,0.0193044895102377,12.7861327152578,6.74139543782783,2021-01-17,362,6.60626401125617,0.0182605024472946,0.0182605024472929,0.0204550448394773,0.0204550448394763
48023,2021-01-10,355,"Baylor","Texas",4.26267987704132,0.0306459120460277,215.905432651536,4.47720126136351,0.0306459120460278,215.905432651536,4.47720126136351,2021-01-17,362,4.52023457518231,0.00185186609822707,0.00185186609822699,0.00952015058135815,0.00952015058135795
48025,2021-01-10,355,"Bee","Texas",6.13060517849702,0.0131375051853017,-111.649115796806,6.22256771479413,0.013137505185302,-111.649115796797,6.22256771479413,2021-01-17,362,6.19469689380314,0.000776782662711903,0.000776782662712002,0.00449914200303687,0.00449914200303715
48027,2021-01-10,355,"Bell","Texas",8.27624929261934,0.0359395464126585,124.717480638423,8.52782611750795,0.0359395464126564,124.717480638409,8.52782611750794,2021-01-17,362,8.42156296040099,0.011291858558339,0.0112918585583359,0.0126179852370186,0.0126179852370169
48029,2021-01-10,355,"Bexar","Texas",10.3223999346506,0.021762703943329,-119.316057486722,10.4747388622539,0.0217627039433257,-119.316057486795,10.4747388622538,2021-01-17,362,10.4927176196763,0.000323235718454643,0.000323235718455474,0.00171345099278354,0.00171345099278574
48031,2021-01-10,355,"Blanco","Texas",3.78093759853188,-0.0193554429529565,550.342344152054,3.64544949786119,0,354,3.78093759853188,2021-01-17,362,3.71705033108063,0.00512667931771848,0.00408158294238792,0.0192628097125139,0.0171876250684718
48035,2021-01-10,355,"Bosque","Texas",5.28102586943798,0.0660901118289926,275.093555249194,5.74365665224093,0.0660901118289923,275.093555249194,5.74365665224092,2021-01-17,362,5.48361069373115,0.0676239005372678,0.0676239005372669,0.0474223961243382,0.0474223961243378
48037,2021-01-10,355,"Bowie","Texas",6.61759394522417,0.0146184561307621,-97.6876084608233,6.71992313813951,0.0146184561307603,-97.6876084608805,6.7199231381395,2021-01-17,362,6.80064720548819,0.00651637504931429,0.00651637504931644,0.0118700566151315,0.0118700566151334
48039,2021-01-10,355,"Brazoria","Texas",8.53376933067806,0.0097707769303793,-518.397212062519,8.60216476919071,0.00977077693038098,-518.397212062369,8.60216476919073,2021-01-17,362,8.59314843590317,8.12942659521406e-05,8.12942659523649e-05,0.0010492467754748,0.00104924677547624
48041,2021-01-10,355,"Brazos","Texas",7.78149633427631,0.0162908234429551,-122.661326422477,7.895532098377,0.0162908234429535,-122.661326422523,7.89553209837699,2021-01-17,362,7.93487156594518,0.0015475937085478,0.00154759370854863,0.0049577951251304,0.00495779512513175
48043,2021-01-10,355,"Brewster","Texas",4.49503639157761,-0.0648375194953066,424.327704492196,4.04117375511046,0,354,4.49503639157761,2021-01-17,362,4.28062652023215,0.0573376267244235,0.0459715929303747,0.0559387192482058,0.0500884322264646
48045,2021-01-10,355,"Briscoe","Texas",3.09751496786393,0.0462128431551346,287.972854375878,3.42100486994987,0.0462128431551316,287.972854375873,3.42100486994985,2021-01-17,362,3.23023958351852,0.0363913945072379,0.0363913945072299,0.0590560797424096,0.0590560797424032
48047,2021-01-10,355,"Brooks","Texas",4.70307440096946,-0.00387847932857697,1567.60782965035,4.67592504566942,0,354,4.70307440096946,2021-01-17,362,4.58058471051548,0.00908977950726652,0.0150037242675127,0.0208140098217321,0.0267410599727124
48049,2021-01-10,355,"Brown","Texas",6.64341764012012,0.0244879442918459,83.7066010546149,6.81483325016305,0.0244879442918462,83.7066010546178,6.81483325016305,2021-01-17,362,6.71590273197087,0.00978724742977291,0.00978724742977326,0.0147307848461268,0.0147307848461271
48051,2021-01-10,355,"Burleson","Texas",4.82717022660022,0.0408696691883323,236.888688544161,5.11325791091855,0.0408696691883295,236.888688544153,5.11325791091853,2021-01-17,362,5.06890420222023,0.00196725147529524,0.00196725147529351,0.00875015721916593,0.00875015721916208
48053,2021-01-10,355,"Burnet","Texas",5.50707218041015,0.00464846856798616,-829.706769523441,5.53961146038605,0.00464846856798484,-829.706769523778,5.53961146038604,2021-01-17,362,5.60369901609922,0.00410721479728849,0.00410721479728963,0.0114366520273568,0.0114366520273584
48055,2021-01-10,355,"Caldwell","Texas",5.929969010441,0.0399045777747462,206.396272279473,6.20930105486422,0.0399045777747444,206.396272279466,6.20930105486421,2021-01-17,362,6.02586597382531,0.0336484289557495,0.033648428955745,0.0304412812757031,0.030441281275701
48057,2021-01-10,355,"Calhoun","Texas",4.93755243735778,0.0439861481842497,242.747560512112,5.24545547464752,0.0439861481842501,242.747560512113,5.24545547464753,2021-01-17,362,5.06980227143192,0.0308540477999038,0.0308540477999048,0.0346469534335502,0.0346469534335507
48059,2021-01-10,355,"Callahan","Texas",5.60842467467044,0.0142445035804241,-38.7255266921326,5.7081361997334,0.0142445035804233,-38.7255266921543,5.7081361997334,2021-01-17,362,5.50823092909137,0.0399621172304661,0.0399621172304639,0.0362921005338121,0.0362921005338111
48061,2021-01-10,355,"Cameron","Texas",8.00202481821611,0.0270987764006822,59.7089986684905,8.19171625302089,0.027098776400682,59.7089986684892,8.19171625302089,2021-01-17,362,8.13935714685372,0.00274147599862482,0.00274147599862482,0.0064328306551099,0.0064328306551099
48063,2021-01-10,355,"Camp","Texas",5.15658920671934,0.0309259915631224,188.260343611155,5.37307114766119,0.0309259915631213,188.260343611149,5.37307114766119,2021-01-17,362,5.34301754546594,0.000903219004910429,0.000903219004909948,0.00562483689029898,0.00562483689029748
48065,2021-01-10,355,"Carson","Texas",4.13402304604028,0.0301997398636335,218.110640531759,4.34542122508571,0.0301997398636313,218.11064053175,4.3454212250857,2021-01-17,362,4.04054185622913,0.0929514295543901,0.0929514295543809,0.0754550700635774,0.0754550700635737
48067,2021-01-10,355,"Cass","Texas",5.0955015147395,0.00262812240626615,-1583.83721039418,5.11389837158336,0.00262812240626698,-1583.83721039357,5.11389837158336,2021-01-17,362,5.25898236114936,0.021049364028387,0.0210493640283852,0.0275878448723854,0.0275878448723842
48069,2021-01-10,355,"Castro","Texas",4.49503639157761,-0.00794285351393699,920.922106418097,4.43943641698005,0,354,4.49503639157761,2021-01-17,362,4.23410650459726,0.0421603729191237,0.0680844059195771,0.048494271969741,0.0616257259228218
48071,2021-01-10,355,"Chambers","Texas",6.39000094514163,0.0871203605005323,281.653185220663,6.99984346864536,0.0871203605005331,281.653185220663,6.99984346864536,2021-01-17,362,6.63181354210096,0.135446026832278,0.135446026832282,0.0554946130810261,0.0554946130810269
48073,2021-01-10,355,"Cherokee","Texas",6.13618312912307,0.0272530570773594,129.844227137339,6.32695452866458,0.027253057077357,129.844227137319,6.32695452866457,2021-01-17,362,6.24969941823346,0.00596835208772501,0.0059683520877224,0.0123614121673967,0.012361412167394
48075,2021-01-10,355,"Childress","Texas",4.81450454202811,-0.010374732825556,819.06058093068,4.74188141224922,0,354,4.81450454202811,2021-01-17,362,4.67282883446191,0.00476825849907319,0.0200720061143853,0.014777467832345,0.0303190449693673
48077,2021-01-10,355,"Clay","Texas",5.52886203334256,0.0119830249854203,-106.39117961195,5.6127432082405,0.0119830249854216,-106.391179611902,5.61274320824051,2021-01-17,362,5.49129621781598,0.014749371483173,0.0147493714831752,0.0221162701131465,0.0221162701131481
48081,2021-01-10,355,"Coke","Texas",4.1225154391888,-0.0160738248310641,611.473831369722,4.00999866537135,0,354,4.1225154391888,2021-01-17,362,4.01509519056796,2.59745690796961e-05,0.0115391098137625,0.00126934106284304,0.0267540976047549
48083,2021-01-10,355,"Coleman","Texas",5.16315198663186,0.0808607036291746,291.147575337583,5.72917691203608,0.0808607036291704,291.14757533758,5.72917691203605,2021-01-17,362,5.4349688865088,0.0865583622846612,0.086558362284644,0.0541324213019125,0.0541324213019072
48085,2021-01-10,355,"Collin","Texas",9.73932020632222,0.00858018814576776,-780.094014357506,9.79938152334259,0.00858018814576944,-780.094014357284,9.7993815233426,2021-01-17,362,9.80270384886475,1.10378468752027e-05,1.10378468751201e-05,0.000338919299550788,0.000338919299549519
48087,2021-01-10,355,"Collingsworth","Texas",3.28519846779927,0.0778170223568081,312.783035532561,3.82991762429693,0.077817022356808,312.783035532561,3.82991762429693,2021-01-17,362,3.41538201665411,0.171839770003801,0.1718397700038,0.121373130625347,0.121373130625346
48089,2021-01-10,355,"Colorado","Texas",5.34642702711856,0.0178576174000083,55.6080426431311,5.47143034891862,0.0178576174000078,55.6080426431227,5.47143034891862,2021-01-17,362,5.48361069373115,0.000148360799752071,0.000148360799752158,0.0022212271243931,0.00222122712439375
48091,2021-01-10,355,"Comal","Texas",7.06108929890284,0.00886268725785206,-441.721027546914,7.12312810970781,0.00886268725785033,-441.72102754707,7.1231281097078,2021-01-17,362,7.11593021460242,5.18096939481004e-05,5.18096939479214e-05,0.0010115185068303,0.00101151850682855
48093,2021-01-10,355,"Comanche","Texas",5.53902013423435,-0.00894360349390204,974.32756053094,5.47641490977703,0,354,5.53902013423435,2021-01-17,362,5.27519494912718,0.040489472563928,0.0696037282968308,0.0381445543890554,0.0500124047834135
48095,2021-01-10,355,"Concho","Texas",3.63758615972639,0.0620353909194537,296.362726891664,4.07183389616256,0.0620353909194531,296.362726891664,4.07183389616256,2021-01-17,362,3.79066214842388,0.0790575517264256,0.0790575517264231,0.074174837199773,0.0741748371997718
48097,2021-01-10,355,"Cooke","Texas",6.68067541913212,0.0162663987817129,-55.7040229852671,6.79454021060411,0.0162663987817133,-55.7040229852556,6.79454021060411,2021-01-17,362,6.60549121369066,0.0357395232339817,0.035739523233983,0.0286199755321185,0.028619975532119
48099,2021-01-10,355,"Coryell","Texas",6.76734312526539,0.0300372990800175,129.702009417105,6.97760421882551,0.0300372990800168,129.7020094171,6.97760421882551,2021-01-17,362,6.92629660697299,0.00263247103400887,0.00263247103400842,0.00740765444564801,0.00740765444564736
48101,2021-01-10,355,"Cottle","Texas",3.68530163276605,-1.25607396694711e-15,2933984565991465,3.68530163276604,0,354,3.68530163276605,2021-01-17,362,3.57555076880693,0.0120452521397715,0.0120452521397734,0.0306948134862403,0.0306948134862428
48107,2021-01-10,355,"Crosby","Texas",4.25459902498738,0.0288085766317764,207.314847784098,4.45625906140981,0.0288085766317749,207.31484778409,4.4562590614098,2021-01-17,362,4.12482757894718,0.10984682756738,0.109846827567373,0.0803503846207383,0.0803503846207357
48113,2021-01-10,355,"Dallas","Texas",10.7154584968483,0.00943458833843154,-780.763227018522,10.7815006152173,0.00943458833842747,-780.763227019011,10.7815006152173,2021-01-17,362,10.8231867546844,0.00173773422366618,0.00173773422366855,0.00385155873329136,0.00385155873329399
48115,2021-01-10,355,"Dawson","Texas",5.05168583392661,-0.00091365926867488,5884.06976060484,5.04529021904589,0,354,5.05168583392661,2021-01-17,362,5.14249862962008,0.00944947508636097,0.00824696386166374,0.0189029531314382,0.01765927465112
48117,2021-01-10,355,"Deaf Smith","Texas",5.05715530973115,0.0155752117854688,30.3074449716748,5.16618179222943,0.0155752117854684,30.3074449716662,5.16618179222943,2021-01-17,362,4.9638431325895,0.0409409331848847,0.0409409331848836,0.0407625007953019,0.0407625007953013
48119,2021-01-10,355,"Delta","Texas",3.80029304148484,0.0161034075665789,119.006901907396,3.91301689445089,0.0161034075665785,119.006901907389,3.91301689445089,2021-01-17,362,4.10146202999096,0.0355115691087162,0.0355115691087174,0.0459458442287438,0.0459458442287446
48121,2021-01-10,355,"Denton","Texas",9.17639941065696,-0.0161260714491149,924.041222446068,9.06351691051315,0,354,9.17639941065696,2021-01-17,362,9.1461065663129,0.00682105124512046,0.00091765641845338,0.00903003427752978,0.00331210270998088
48123,2021-01-10,355,"DeWitt","Texas",4.72358794080257,0.0628479036596632,279.840962613774,5.16352326642021,0.0628479036596641,279.840962613775,5.16352326642022,2021-01-17,362,5.00777406181523,0.0242578147350856,0.0242578147350876,0.0311014839492438,0.031101483949245
48127,2021-01-10,355,"Dimmit","Texas",5.48479693349065,0.0510749299364167,247.612737005833,5.84232144304557,0.0510749299364148,247.612737005829,5.84232144304556,2021-01-17,362,5.58885250798222,0.0642465010421483,0.0642465010421416,0.0453525897671006,0.0453525897670982
48129,2021-01-10,355,"Donley","Texas",3.89473150831808,0.0205587270210372,165.555804144259,4.03864259746534,0.0205587270210366,165.555804144253,4.03864259746534,2021-01-17,362,3.95945169899926,0.00627119839986623,0.00627119839986567,0.020000470895024,0.0200004708950231
48131,2021-01-10,355,"Duval","Texas",5.29473954520015,0.0276180344205962,163.286880066614,5.48806578614433,0.0276180344205947,163.286880066604,5.48806578614431,2021-01-17,362,5.41546527992204,0.00527083350373268,0.00527083350373114,0.0134061437881353,0.0134061437881334
48133,2021-01-10,355,"Eastland","Texas",5.27811465923052,0.00291971010333644,-1452.75298657187,5.29855262995387,0.00291971010333647,-1452.75298657185,5.29855262995387,2021-01-17,362,5.27592567623314,0.000511979034680247,0.000511979034680247,0.0042887172999164,0.0042887172999164
48135,2021-01-10,355,"Ector","Texas",6.42764359215931,-0.103858580189771,416.88842154798,5.70063353083091,0,354,6.42764359215931,2021-01-17,362,6.19148568100134,0.240935833326928,0.0557705590024985,0.0792785731018665,0.0381423657140369
48137,2021-01-10,355,"Edwards","Texas",3.26902560855367,-0.00542006746933706,958.133748250834,3.23108513626831,0,354,3.26902560855367,2021-01-17,362,3.19575340744735,0.00124833106147841,0.00536881545496608,0.0110558370175343,0.0229279896676554
48139,2021-01-10,355,"Ellis","Texas",8.31462227898643,0.0150166733137196,-198.692692468044,8.41973899218246,0.0150166733137187,-198.692692468077,8.41973899218246,2021-01-17,362,8.37937507287654,0.00162924598173536,0.00162924598173478,0.00481705603996435,0.0048170560399635
48141,2021-01-10,355,"El Paso","Texas",8.95848498107485,0.0221304287084395,-49.8039511163429,9.11339798203393,0.0221304287084383,-49.8039511163647,9.11339798203392,2021-01-17,362,9.11964950669168,3.90815605465108e-05,3.90815605466218e-05,0.000685500539594993,0.000685500539595967
48143,2021-01-10,355,"Erath","Texas",6.45878601113378,-0.00713651556932124,1260.03354871095,6.40883040214853,0,354,6.45878601113378,2021-01-17,362,6.44162983413405,0.00107580273857299,0.000294334409245895,0.00509179087126679,0.00266332860494635
48145,2021-01-10,355,"Falls","Texas",5.57865107723005,-0.0381200204365225,501.344388417095,5.31181093417439,0,354,5.57865107723005,2021-01-17,362,5.37262939951259,0.00369888572609332,0.0424449316895176,0.0113200559382922,0.0383465268861002
48147,2021-01-10,355,"Fannin","Texas",6.3810905911864,0.0314522240159508,152.117984790192,6.60125615929806,0.0314522240159505,152.117984790191,6.60125615929805,2021-01-17,362,6.50257584435113,0.00973780455802385,0.00973780455802349,0.0151755730819576,0.0151755730819573
48149,2021-01-10,355,"Fayette","Texas",5.295456134267,-0.0254610641982752,562.982513732703,5.11722868487908,0,354,5.295456134267,2021-01-17,362,5.16151532505539,0.00196130649810617,0.017940140372262,0.00858016248858802,0.025949900518832
48151,2021-01-10,355,"Fisher","Texas",3.60316593583991,0.0478178743504928,279.648136606207,3.93789105629336,0.0478178743504927,279.648136606206,3.93789105629335,2021-01-17,362,3.91487607441055,0.000529689391065808,0.000529689391065768,0.00587885323707713,0.0058788532370769
48153,2021-01-10,355,"Floyd","Texas",4.72358794080257,0.0192190412704653,109.223539336403,4.85812122969583,0.0192190412704649,109.223539336398,4.85812122969582,2021-01-17,362,4.72865124275911,0.0167624775173931,0.0167624775173924,0.027379897626193,0.0273798976261925
48157,2021-01-10,355,"Fort Bend","Texas",8.96573603366424,0.022808362377782,-38.0898626197691,9.12539457030872,0.0228083623777806,-38.0898626197934,9.12539457030871,2021-01-17,362,9.11151401766929,0.000192669741576027,0.000192669741575731,0.00152340792238413,0.00152340792238296
48159,2021-01-10,355,"Franklin","Texas",4.58496747867057,0.0325954782494515,214.337315329996,4.81313582641673,0.0325954782494513,214.337315329995,4.81313582641673,2021-01-17,362,4.91789324239764,0.0109741162029975,0.0109741162029977,0.0213012789862509,0.0213012789862511
48161,2021-01-10,355,"Freestone","Texas",4.71722254693549,-0.0063653938670782,1096.07315987671,4.67266478986594,0,354,4.71722254693549,2021-01-17,362,4.62497281328427,0.00227452463026683,0.00851001335872112,0.0103118393355065,0.0199460056038064
48163,2021-01-10,355,"Frio","Texas",5.92004526487819,0.0284010530524159,146.555430921791,6.1188526362451,0.0284010530524155,146.555430921788,6.1188526362451,2021-01-17,362,5.99716256822262,0.0148084726553156,0.014808472655315,0.0202912738546197,0.0202912738546192
48165,2021-01-10,355,"Gaines","Texas",4.9507841825674,-0.0357535599497934,493.469684963385,4.70050926291884,0,354,4.9507841825674,2021-01-17,362,4.62637239363869,0.00549627538666196,0.105243008795922,0.0160248382473681,0.0701222818497648
48167,2021-01-10,355,"Galveston","Texas",8.59534400068795,0.0123898213655085,-338.742366989744,8.68207275024651,0.012389821365506,-338.742366989881,8.6820727502465,2021-01-17,362,8.73426118096855,0.00272363230122902,0.00272363230123088,0.00597513969879378,0.00597513969879581
48169,2021-01-10,355,"Garza","Texas",3.66721795733276,0.014706147389695,105.633673105814,3.77016098906062,0.0147061473896941,105.633673105799,3.77016098906061,2021-01-17,362,3.48343547989913,0.0822115176039169,0.0822115176039136,0.0823111295776878,0.0823111295776861
48171,2021-01-10,355,"Gillespie","Texas",6.19876903439245,0.0369591215372244,187.280401249548,6.45748288515302,0.0369591215372251,187.280401249552,6.45748288515302,2021-01-17,362,6.16901282514928,0.0832149755185593,0.0832149755185624,0.0467611379940284,0.0467611379940293
48175,2021-01-10,355,"Goliad","Texas",3.630038954091,0.0504961640145312,283.112579936836,3.98351210219272,0.0504961640145307,283.112579936836,3.98351210219272,2021-01-17,362,3.72051653905712,0.0691666662290121,0.0691666662290104,0.0706879166843461,0.0706879166843453
48177,2021-01-10,355,"Gonzales","Texas",5.5915198875312,0.0519384285557563,247.343298728635,5.95508888742149,0.0519384285557525,247.343298728627,5.95508888742146,2021-01-17,362,5.82515693701009,0.0168823117377094,0.0168823117377025,0.0223053132845012,0.0223053132844967
48179,2021-01-10,355,"Gray","Texas",4.68213122712422,0.0133157759757696,3.37714034509376,4.77534165895461,0.0133157759757685,3.37714034506364,4.7753416589546,2021-01-17,362,4.66209047624077,0.0128258303860819,0.0128258303860801,0.0242919315468007,0.024291931546799
48181,2021-01-10,355,"Grayson","Texas",7.60738142563979,0.0407746841166888,168.428807838976,7.89280421445661,0.0407746841166876,168.428807838971,7.8928042144566,2021-01-17,362,7.75882154022344,0.0179513569946732,0.0179513569946711,0.0172684309773823,0.0172684309773813
48183,2021-01-10,355,"Gregg","Texas",7.17690962539137,0.0168404177952464,-71.171708603168,7.2947925499581,0.0168404177952448,-71.1717086032093,7.29479254995809,2021-01-17,362,7.43467919848056,0.0195682744348464,0.0195682744348496,0.0188154249548588,0.0188154249548603
48185,2021-01-10,355,"Grimes","Texas",5.29831736654804,-0.0056980211146379,1284.85218200349,5.25843121874557,0,354,5.29831736654804,2021-01-17,362,5.3061438027975,0.00227649067691267,6.12531043669623e-05,0.00899195080743513,0.00147497628039033
48187,2021-01-10,355,"Guadalupe","Texas",7.5011610477436,0.0632818465323685,236.464251459433,7.94413397347018,0.0632818465323686,236.464251459433,7.94413397347018,2021-01-17,362,7.67878899819915,0.0704079559015793,0.0704079559015797,0.0345555757988989,0.034555575798899
48189,2021-01-10,355,"Hale","Texas",6.42417417732271,0.0281973568618404,127.171051038597,6.6215556753556,0.0281973568618392,127.171051038587,6.62155567535559,2021-01-17,362,6.51682685656486,0.0109681254853018,0.0109681254853001,0.0160705234458132,0.016070523445812
48191,2021-01-10,355,"Hall","Texas",4.16777203077692,0.0475740897284868,267.394077226425,4.50079065887633,0.0475740897284833,267.394077226419,4.5007906588763,2021-01-17,362,4.68872320880638,0.0353186433232107,0.0353186433232197,0.0400818179194443,0.0400818179194495
48193,2021-01-10,355,"Hamilton","Texas",4.78630055741189,-0.0223933930207576,568.737174753966,4.62954680626659,0,354,4.78630055741189,2021-01-17,362,4.63749907310345,6.32385478445758e-05,0.0221418817323966,0.00171477486280882,0.0320865798489242
48195,2021-01-10,355,"Hansford","Texas",5.02199905274657,0,354,5.02199905274657,0,354,5.02199905274657,2021-01-17,362,4.78391392143417,0.0566845297520461,0.0566845297520461,0.0497678543599362,0.0497678543599362
48197,2021-01-10,355,"Hardeman","Texas",4.23203396499529,-0.0835475702704415,405.654183614153,3.6472009731022,0,354,4.23203396499529,2021-01-17,362,4.22370058343614,0.332351800715191,6.94452482102921e-05,0.1364915904775,0.00197300480811192
48199,2021-01-10,355,"Hardin","Texas",6.70721155958517,0.0233143728551086,67.3143049453504,6.87041216957093,0.0233143728551095,67.3143049453619,6.87041216957093,2021-01-17,362,6.73135899020756,0.0193357866910613,0.019335786691063,0.020657519464592,0.0206575194645929
48201,2021-01-10,355,"Harris","Texas",10.6437909099739,0.020013606214612,-176.82773738212,10.7838861534761,0.0200136062146097,-176.827737382182,10.7838861534761,2021-01-17,362,10.844281331996,0.00364757758844833,0.00364757758845026,0.00556931129605477,0.00556931129605625
48203,2021-01-10,355,"Harrison","Texas",6.46102164810339,0.0128106033324564,-149.34952050494,6.55069587143058,0.0128106033324569,-149.349520504923,6.55069587143059,2021-01-17,362,6.78203007333858,0.0535155129724113,0.0535155129724101,0.0341098755691777,0.0341098755691773
48205,2021-01-10,355,"Hartley","Texas",3.63381967693091,-0.0223889948934801,517.303832495362,3.47709671267655,0,354,3.63381967693091,2021-01-17,362,3.4106761256167,0.00441169438537505,0.0497930444931175,0.0194743167083447,0.0654250192911127
48207,2021-01-10,355,"Haskell","Texas",4.27468002104443,-0.0856851168482743,404.888244053092,3.67488420310651,0,354,4.27468002104443,2021-01-17,362,4.1225154391888,0.200373723516558,0.0231540599712988,0.108582064199709,0.0369106153997988
48209,2021-01-10,355,"Hays","Texas",8.08301991917133,0.015960505073517,-151.438855283055,8.19474345468595,0.015960505073517,-151.438855283055,8.19474345468595,2021-01-17,362,8.29715196576669,0.010487503141775,0.010487503141775,0.0123426100309206,0.0123426100309206
48211,2021-01-10,355,"Hemphill","Texas",4.46918681011628,0.119830957731948,317.70423858154,5.30800351423991,0.119830957731949,317.70423858154,5.30800351423993,2021-01-17,362,4.79814903725603,0.259951587700509,0.259951587700521,0.106260658646706,0.106260658646708
48213,2021-01-10,355,"Henderson","Texas",6.68085467879022,0.0138978863610093,-125.710124205178,6.77813988331728,0.0138978863610086,-125.7101242052,6.77813988331728,2021-01-17,362,6.87138763481126,0.00869514315868334,0.00869514315868417,0.0135704396913336,0.0135704396913342
48215,2021-01-10,355,"Hidalgo","Texas",8.55858188247653,0.0695236503046896,231.896827986329,9.04524743460935,0.0695236503046903,231.89682798633,9.04524743460936,2021-01-17,362,8.88215371494174,0.0265995613950178,0.0265995613950195,0.0183619564468078,0.0183619564468084
48217,2021-01-10,355,"Hill","Texas",5.91774111639334,-0.0425275749461666,494.150683383294,5.62004809177017,0,354,5.91774111639334,2021-01-17,362,5.76160204554503,0.0200375218292937,0.0243794094453741,0.0245685058870573,0.0270999401926832
48219,2021-01-10,355,"Hockley","Texas",5.51054440612089,0.0221971730430716,106.745666196853,5.6659246174224,0.0221971730430717,106.745666196855,5.6659246174224,2021-01-17,362,5.37792041714701,0.0829464193762669,0.0829464193762675,0.0535530796173768,0.053553079617377
48221,2021-01-10,355,"Hood","Texas",7.17767335899459,0.0201604184197904,-1.02799552754608,7.31879628793312,0.0201604184197901,-1.02799552755087,7.31879628793312,2021-01-17,362,7.29136422416095,0.000752518122800201,0.000752518122800103,0.00376226765373569,0.00376226765373544
48223,2021-01-10,355,"Hopkins","Texas",5.91195741027649,-0.0138251049918456,782.624774912272,5.81518167533357,0,354,5.91195741027649,2021-01-17,362,5.84685157176121,0.00100298233973759,0.00423877020877729,0.00541657266974242,0.0111351960480271
48225,2021-01-10,355,"Houston","Texas",5.4236905714711,-0.0106550679000472,864.024496356992,5.34910509617077,0,354,5.4236905714711,2021-01-17,362,5.56123093067229,0.0449973696629695,0.0189173504091944,0.0381436838617101,0.024731999249053
48227,2021-01-10,355,"Howard","Texas",5.95509690293711,-0.0121481339356451,845.206721006232,5.87005996538759,0,354,5.95509690293711,2021-01-17,362,5.86808552594748,3.89841110267504e-06,0.00757097972563138,0.000336470801487599,0.0148278985718396
48229,2021-01-10,355,"Hudspeth","Texas",4.66209047624077,-0.0665607665183412,425.04262000132,4.19616511061239,0,354,4.66209047624077,2021-01-17,362,4.26066577766961,0.00416033605082736,0.161141788622947,0.0151386357022603,0.0942164252063726
48231,2021-01-10,355,"Hunt","Texas",6.56867965649081,0.00805319431841117,-460.661388111985,6.62505201671969,0.00805319431841323,-460.661388111777,6.6250520167197,2021-01-17,362,6.8001700683022,0.0306663319900556,0.0306663319900506,0.025752010585558,0.0257520105855559
48233,2021-01-10,355,"Hutchinson","Texas",4.92102313540657,0.00104220957844287,-4366.72127103159,4.92831860245567,0.00104220957844259,-4366.72127103287,4.92831860245567,2021-01-17,362,4.78032325330343,0.0219026233706919,0.0219026233706914,0.0309592764568721,0.0309592764568717
48237,2021-01-10,355,"Jack","Texas",4.80985877292894,0.0699079749159028,286.197280729201,5.29921459734026,0.0699079749159015,286.197280729199,5.29921459734025,2021-01-17,362,4.96782720160437,0.109817606052616,0.10981760605261,0.0667067074371806,0.0667067074371788
48239,2021-01-10,355,"Jackson","Texas",5.31882002887455,0.0327198462651058,192.443611874582,5.54785895273029,0.0327198462651062,192.443611874584,5.5478589527303,2021-01-17,362,5.41100809330071,0.0187281577266161,0.0187281577266168,0.0252911947404067,0.0252911947404072
48241,2021-01-10,355,"Jasper","Texas",6.6603922174327,0.167935955617747,315.339689062222,7.83594390675693,0.167935955617748,315.339689062222,7.83594390675693,2021-01-17,362,7.06817200038804,0.589473700209311,0.589473700209321,0.108623828951352,0.108623828951353
48245,2021-01-10,355,"Jefferson","Texas",7.81162634799651,0.0311441823380728,104.178634288721,8.02963562436302,0.0311441823380711,104.178634288708,8.02963562436301,2021-01-17,362,7.9608221336457,0.00473529650470252,0.00473529650470081,0.00864401811296408,0.00864401811296251
48247,2021-01-10,355,"Jim Hogg","Texas",4.77551555173533,0.0405710220004332,237.292451206076,5.05951270573837,0.0405710220004316,237.292451206072,5.05951270573836,2021-01-17,362,4.95482051498986,0.0109604548037215,0.0109604548037193,0.0211293608783163,0.0211293608783142
48249,2021-01-10,355,"Jim Wells","Texas",6.44730586254121,0.0324427394515905,156.271225194729,6.67440503870235,0.0324427394515903,156.271225194727,6.67440503870234,2021-01-17,362,6.59186967596931,0.00681208610147347,0.00681208610147318,0.0125207819314021,0.0125207819314018
48251,2021-01-10,355,"Johnson","Texas",8.19694857189968,0.0266416554535259,47.3258546677571,8.38344016007436,0.026641655453524,47.3258546677354,8.38344016007434,2021-01-17,362,8.33953502978694,0.0019276604655549,0.00192766046555381,0.00526469762769698,0.00526469762769549
48253,2021-01-10,355,"Jones","Texas",5.83020532804343,-0.0100209606843347,936.801038014004,5.76005860325308,0,354,5.83020532804343,2021-01-17,362,5.65997985199781,0.0100157564528157,0.028976712694958,0.0176818211146021,0.0300752795057275
48255,2021-01-10,355,"Karnes","Texas",5.21881022971655,-0.0206666368085583,607.523440463974,5.07414377205664,0,354,5.21881022971655,2021-01-17,362,4.93447393313069,0.0195076639055997,0.0808471295561589,0.0283049096658886,0.0576224133390966
48257,2021-01-10,355,"Kaufman","Texas",7.91784856125182,0.0193844222635085,-53.4645110191023,8.05353951709638,0.0193844222635073,-53.4645110191276,8.05353951709637,2021-01-17,362,7.97497518065723,0.0061723549601229,0.0061723549601215,0.00985135811202219,0.00985135811202108
48259,2021-01-10,355,"Kendall","Texas",5.99929098335745,0.0360789492013478,188.717690892912,6.25184362776688,0.0360789492013467,188.717690892907,6.25184362776687,2021-01-17,362,6.17557022569544,0.00581763186355191,0.00581763186355069,0.012350827418994,0.0123508274189927
48265,2021-01-10,355,"Kerr","Texas",6.7291411269765,0.00445053798626927,-1156.98375291642,6.76029489288039,0.00445053798626738,-1156.98375291706,6.76029489288038,2021-01-17,362,6.74372259930043,0.000274640914500396,0.000274640914499954,0.0024574399874751,0.00245743998747312
48267,2021-01-10,355,"Kimble","Texas",3.50941096630239,-0.0741079721537285,402.355377084432,2.99065516122629,0,354,3.50941096630239,2021-01-17,362,3.08452777233712,0.00881206711676631,0.180525728514124,0.0304333817165503,0.13774659374953
48271,2021-01-10,355,"Kinney","Texas",4.38023932409979,0.0956680255766241,309.214176599772,5.04991550313616,0.095668025576618,309.214176599769,5.04991550313611,2021-01-17,362,4.67948221895265,0.137220818030981,0.137220818030949,0.0791611693027054,0.0791611693026963
48273,2021-01-10,355,"Kleberg","Texas",5.75121116822731,-0.0517700199729028,466.091538524373,5.38882102841699,0,354,5.75121116822731,2021-01-17,362,5.6951741001196,0.0938522045416216,0.00314015300210858,0.0537916956210648,0.00983939509532066
48277,2021-01-10,355,"Lamar","Texas",7.0825485693553,0.0201121390259106,2.84707582665401,7.22333354253667,0.0201121390259091,2.84707582662777,7.22333354253666,2021-01-17,362,7.1819178013464,0.00171526361833948,0.0017152636183386,0.005766668783442,0.00576666878344051
48279,2021-01-10,355,"Lamb","Texas",5.16723195965177,0.0364882932631365,213.386581077166,5.42265001249373,0.0364882932631359,213.386581077163,5.42265001249372,2021-01-17,362,5.22343986761529,0.0396846818224886,0.0396846818224868,0.0381377310598555,0.0381377310598546
48281,2021-01-10,355,"Lampasas","Texas",5.28247830251829,0.0220111601013511,115.009091833645,5.43655642322775,0.02201116010135,115.009091833632,5.43655642322774,2021-01-17,362,5.36731023803499,0.00479503416375031,0.00479503416374921,0.012901468728611,0.0129014687286095
48283,2021-01-10,355,"La Salle","Texas",5.22343986761529,-0.0429444518297437,476.632472765608,4.92282870480708,0,354,5.22343986761529,2021-01-17,362,5.10594547390058,0.0335317511232412,0.013804932554387,0.0358634399896184,0.0230112903311032
48285,2021-01-10,355,"Lavaca","Texas",4.98458461689631,0.0501106837656221,255.528505254284,5.33535940325567,0.0501106837656211,255.528505254282,5.33535940325566,2021-01-17,362,5.22804817070148,0.0115157006322993,0.0115157006322978,0.0205260604054057,0.0205260604054044
48287,2021-01-10,355,"Lee","Texas",5.65449218544509,0.0135987993378204,-60.808193427714,5.74968378080983,0.0135987993378199,-60.8081934277278,5.74968378080983,2021-01-17,362,5.68357976733868,0.00436974059699394,0.00436974059699347,0.0116307003996009,0.0116307003996003
48289,2021-01-10,355,"Leon","Texas",4.96284463025991,-0.00199600864671372,2841.38433427173,4.94887256973291,0,354,4.96284463025991,2021-01-17,362,4.93035446283545,0.000342920283065822,0.00105561097926928,0.00375593824684403,0.00658982384925169
48291,2021-01-10,355,"Liberty","Texas",6.69897240350181,-0.00806455983672784,1185.66807601739,6.64252048464472,0,354,6.69897240350181,2021-01-17,362,6.76832899455326,0.0158277811654073,0.00481033672227752,0.0185878242635344,0.0102472251433493
48293,2021-01-10,355,"Limestone","Texas",5.40267738187228,-0.0102433674147618,882.431767612517,5.33097380996895,0,354,5.40267738187228,2021-01-17,362,5.32787616878958,9.59538087609818e-06,0.0055952214786432,0.000581402622964641,0.0140395930222402
48295,2021-01-10,355,"Lipscomb","Texas",3.80348283685294,0.00960007372902045,-41.1930860338332,3.87068335295608,0.00960007372902094,-41.1930860338129,3.87068335295609,2021-01-17,362,3.68887945411394,0.0330526576342059,0.0330526576342072,0.0492843154956975,0.0492843154956985
48297,2021-01-10,355,"Live Oak","Texas",5.36597601502185,0.0141178815457851,-25.0836547338697,5.46480118584235,0.0141178815457845,-25.0836547338849,5.46480118584234,2021-01-17,362,5.37395478075366,0.00825306931753814,0.0082530693175375,0.0169049440858801,0.0169049440858795
48299,2021-01-10,355,"Llano","Texas",5.35253495245283,-0.0154417301253122,701.627930226479,5.24444284157565,0,354,5.35253495245283,2021-01-17,362,5.20243559484476,0.00176460877791001,0.0225298171543575,0.00807453469919317,0.0288517473924742
48303,2021-01-10,355,"Lubbock","Texas",8.69189051940658,-0.0215271339726032,758.764408697805,8.54120058159836,0,354,8.69189051940658,2021-01-17,362,8.50653661122771,0.00120159084185728,0.0343560712771816,0.00407498044796481,0.0217895856621865
48305,2021-01-10,355,"Lynn","Texas",4.43081679884331,-0.00846745109909919,878.276337470043,4.37154464114962,0,354,4.43081679884331,2021-01-17,362,4.46590811865458,0.00890446588683001,0.00123140072609685,0.0211297400210269,0.00785760003988664
48307,2021-01-10,355,"McCulloch","Texas",3.67086094861126,-0.103540678940839,390.453321208263,2.94607619602538,0,354,3.67086094861126,2021-01-17,362,3.3770998300831,0.185781373116317,0.0862955947589173,0.127631297783432,0.0869862110416009
48309,2021-01-10,355,"McLennan","Texas",8.13785520656553,0.0250705387823372,30.401662596144,8.31334897804189,0.0250705387823356,30.4016625961234,8.31334897804188,2021-01-17,362,8.26233780746735,0.00260213952338538,0.00260213952338429,0.00617393911544534,0.00617393911544405
48313,2021-01-10,355,"Madison","Texas",4.62777001790533,-0.0343204583354446,489.839982982569,4.38752680955722,0,354,4.62777001790533,2021-01-17,362,4.34565899050301,0.00175291427235623,0.0795866317819945,0.00963440047774336,0.0649178934699774
48315,2021-01-10,355,"Marion","Texas",4.14313472639153,0.065597282485813,291.839841996693,4.60231570379222,0.0655972824858129,291.839841996693,4.60231570379222,2021-01-17,362,4.63472898822964,0.0010506210080206,0.00105062100802065,0.00699356629475621,0.0069935662947564
48317,2021-01-10,355,"Martin","Texas",4.53872508657994,-0.00911860421643337,852.743402263291,4.47489485706491,0,354,4.53872508657994,2021-01-17,362,4.28457129852317,0.0362230569359899,0.0645941479836059,0.0444206771882495,0.059318370578726
48319,2021-01-10,355,"Mason","Texas",4.56583518058941,0,354,4.56583518058941,0,354,4.56583518058941,2021-01-17,362,4.56583518058941,0,0,0,0
48321,2021-01-10,355,"Matagorda","Texas",6.06278803393322,-0.0194308764432293,667.018248463816,5.92677189883061,0,354,6.06278803393322,2021-01-17,362,6.31509963696851,0.1507984322073,0.0636611450262417,0.0614919416100163,0.0399537010561589
48323,2021-01-10,355,"Maverick","Texas",7.18819691692128,0.0423250301245548,185.166761942809,7.48447212779317,0.0423250301245517,185.166761942797,7.48447212779315,2021-01-17,362,7.51697722460432,0.00105658131870245,0.00105658131870389,0.00432422446415811,0.00432422446416106
48325,2021-01-10,355,"Medina","Texas",6.2171762265279,0.0239376966991511,95.2767565875129,6.38474010342196,0.0239376966991509,95.2767565875112,6.38474010342196,2021-01-17,362,6.40805798125796,0.000543723426774616,0.000543723426774658,0.00363883689944741,0.00363883689944755
48329,2021-01-10,355,"Midland","Texas",7.93369446301748,-0.0274266540866931,644.269498129076,7.74170788441063,0,354,7.93369446301748,2021-01-17,362,7.75558361088934,0.000192535785311917,0.0317234756458137,0.00178912731457443,0.0229654995760816
48331,2021-01-10,355,"Milam","Texas",5.96687907163537,-0.00219378515771326,3074.90128598329,5.95152257553137,0,354,5.96687907163537,2021-01-17,362,5.7268477475872,0.0504787783117454,0.0576150365243175,0.0392318493256321,0.0419133412703871
48333,2021-01-10,355,"Mills","Texas",4.43251603459627,0.0153980801111213,67.1383963059867,4.54030259537412,0.0153980801111206,67.1383963059742,4.54030259537412,2021-01-17,362,4.42227703729518,0.0139300323598458,0.0139300323598448,0.0266888657321955,0.0266888657321945
48335,2021-01-10,355,"Mitchell","Texas",4.55387689160054,-0.0397989149618142,469.422136783624,4.27528448686784,0,354,4.55387689160054,2021-01-17,362,4.3603651378927,0.00723871717881421,0.0374467988230831,0.0195122766865298,0.0443797130717726
48337,2021-01-10,355,"Montague","Texas",6.11115053291045,-0.00631714040126279,1322.39191227867,6.06693055010161,0,354,6.11115053291045,2021-01-17,362,6.02999821111023,0.00136399766337474,0.00658569933356757,0.00612476781889248,0.01345810047683
48339,2021-01-10,355,"Montgomery","Texas",8.93639212869333,0.0263656567850826,16.0593772976119,9.12095172618891,0.0263656567850816,16.0593772975998,9.1209517261889,2021-01-17,362,9.04903079495045,0.00517262035020769,0.00517262035020667,0.00794791540311656,0.00794791540311578
48341,2021-01-10,355,"Moore","Texas",4.67015503607751,0.0189194832461651,108.156311125774,4.80259141880066,0.0189194832461652,108.156311125776,4.80259141880066,2021-01-17,362,4.47895887485007,0.10473802350393,0.10473802350393,0.07225619903943,0.0722561990394302
48343,2021-01-10,355,"Morris","Texas",4.8553728854163,0.0408683433881914,236.194771236575,5.14145128913364,0.0408683433881913,236.194771236574,5.14145128913364,2021-01-17,362,5.21182533519459,0.00495250635898832,0.00495250635898832,0.0135027637219005,0.0135027637219005
48347,2021-01-10,355,"Nacogdoches","Texas",6.30418760351753,0.0136772253074552,-105.925916024886,6.39992818066972,0.0136772253074549,-105.925916024897,6.39992818066972,2021-01-17,362,6.37866869608154,0.000451965684955136,0.000451965684955023,0.00333290308700961,0.00333290308700919
48349,2021-01-10,355,"Navarro","Texas",7.06427050799703,0.0216097808372311,28.0984658656908,7.21553897385765,0.0216097808372311,28.098465865691,7.21553897385765,2021-01-17,362,7.0904339148729,0.0156512757835771,0.0156512757835771,0.0176442035123304,0.0176442035123304
48351,2021-01-10,355,"Newton","Texas",5.18498868124104,0.21418380994274,330.791873892676,6.68427535084021,0.214183809942741,330.791873892676,6.68427535084022,2021-01-17,362,5.65399181015318,1.0614841742106,1.06148417421062,0.182222326328258,0.182222326328259
48353,2021-01-10,355,"Nolan","Texas",5.73009978297357,-0.0229262677845583,604.936005145722,5.56961590848167,0,354,5.73009978297357,2021-01-17,362,5.61625148217034,0.00217487673327171,0.0129614355957838,0.00830368330847105,0.0202712255967639
48355,2021-01-10,355,"Nueces","Texas",8.18315798282844,0.00652537394202572,-899.051960168291,8.22883560042262,0.00652537394202568,-899.051960168299,8.22883560042262,2021-01-17,362,8.27541276162801,0.00216943194595235,0.00216943194595235,0.00562837921769369,0.00562837921769369
48357,2021-01-10,355,"Ochiltree","Texas",4.75112409861117,0.00619197024792361,-412.304090358702,4.79446789034664,0.00619197024792317,-412.304090358756,4.79446789034664,2021-01-17,362,4.56583518058941,0.0522729159709309,0.0522729159709297,0.0500746743398015,0.0500746743398009
48359,2021-01-10,355,"Oldham","Texas",4.05054193956371,0.0150378773645404,85.6440369626252,4.15580708111549,0.0150378773645397,85.6440369626126,4.15580708111549,2021-01-17,362,3.75118333745009,0.163720373937803,0.163720373937798,0.107865627261089,0.107865627261087
48361,2021-01-10,355,"Orange","Texas",6.84283573288282,0.0312767404673871,136.216468512184,7.06177291615453,0.031276740467387,136.216468512184,7.06177291615453,2021-01-17,362,6.85706330752311,0.0419060238660299,0.0419060238660296,0.0298538309259634,0.0298538309259632
48363,2021-01-10,355,"Palo Pinto","Texas",6.1853264006408,0.0587691803413486,249.752209155979,6.59671066303024,0.0587691803413461,249.752209155975,6.59671066303023,2021-01-17,362,6.33353333865735,0.0692623040640744,0.0692623040640655,0.0415530021396687,0.041553002139666
48365,2021-01-10,355,"Panola","Texas",5.45471042831582,-0.00122100137269393,4822.40728577636,5.44616341870696,0,354,5.45471042831582,2021-01-17,362,5.50591208747262,0.00356990341926745,0.0026216099004084,0.010851729525721,0.00929939642031156
48367,2021-01-10,355,"Parker","Texas",8.02088078715005,0.0309814122071122,96.1066760440071,8.23775067259984,0.0309814122071126,96.1066760440103,8.23775067259984,2021-01-17,362,8.15961988488697,0.00610441998863312,0.00610441998863367,0.00957529747894004,0.00957529747894047
48369,2021-01-10,355,"Parmer","Texas",4.27268997063642,-0.0352286918837439,476.284377652638,4.02608912745021,0,354,4.27268997063642,2021-01-17,362,4.14765962098982,0.0147793848994653,0.0156325883327494,0.029310624460211,0.0301447951548047
48371,2021-01-10,355,"Pecos","Texas",5.40396355568302,-0.0550138708777881,453.229109667411,5.01886645953851,0,354,5.40396355568302,2021-01-17,362,4.89463638023338,0.0154331126041587,0.259414171651514,0.0253808597114228,0.104058225347755
48373,2021-01-10,355,"Polk","Texas",5.8209303880302,0.00893432873376602,-296.524088880995,5.88347068916656,0.00893432873376554,-296.52408888103,5.88347068916656,2021-01-17,362,5.99324866890148,0.0120512048346811,0.0120512048346819,0.018316940577579,0.0183169405775796
48375,2021-01-10,355,"Potter","Texas",6.97166860472579,-0.0013392261275722,5560.74416910779,6.96229402183278,0,354,6.97166860472579,2021-01-17,362,6.95504772348975,5.25088396762851e-05,0.000276253693062583,0.00104187614968658,0.00238975804291124
48377,2021-01-10,355,"Presidio","Texas",4.29825675160842,-0.0529424192701977,436.187388314685,3.92765981671704,0,354,4.29825675160842,2021-01-17,362,3.83174217416734,0.00920019415229137,0.21763585096503,0.0250323842758392,0.121749991579863
48379,2021-01-10,355,"Rains","Texas",4.9638431325895,0.0171116404727178,64.9142457730065,5.08362461589852,0.0171116404727183,64.9142457730146,5.08362461589852,2021-01-17,362,4.99237433496164,0.00832661377105864,0.00832661377105929,0.0182779324654901,0.0182779324654908
48381,2021-01-10,355,"Randall","Texas",7.34564147834569,0.00870456463807426,-488.883845289107,7.40657343081221,0.0087045646380739,-488.883845289142,7.40657343081221,2021-01-17,362,7.38070100458626,0.000669382438817374,0.000669382438817236,0.00350541584192018,0.00350541584191982
48385,2021-01-10,355,"Real","Texas",4.27069595202955,0.0428199971829295,255.263983349067,4.57043593231006,0.0428199971829279,255.263983349064,4.57043593231005,2021-01-17,362,4.16777203077692,0.16213821759789,0.162138217597882,0.0966137059704005,0.0966137059703979
48387,2021-01-10,355,"Red River","Texas",4.80050197951806,-0.00468934036337933,1378.70517120208,4.76767659697441,0,354,4.80050197951806,2021-01-17,362,4.82945594188108,0.00381668745709706,0.000838331936518764,0.0127921955702954,0.00599528450232331
48389,2021-01-10,355,"Reeves","Texas",4.71210089681543,-0.0610021085145116,432.244885653329,4.28508613721385,0,354,4.71210089681543,2021-01-17,362,4.32507828280299,0.00159937170882266,0.149786503757026,0.00924657150094821,0.0894833778041179
48391,2021-01-10,355,"Refugio","Texas",4.38381075646738,0.0455867444518929,258.835845064708,4.70291796763063,0.0455867444518931,258.835845064709,4.70291796763063,2021-01-17,362,4.59943951127911,0.0107077909288947,0.0107077909288951,0.0224980578824373,0.0224980578824377
48395,2021-01-10,355,"Robertson","Texas",5.38841920124522,-0.00715450206262256,1108.15083482833,5.33833768680687,0,354,5.38841920124522,2021-01-17,362,5.28029886104536,0.00336850529577488,0.0116900079649352,0.0109915796982028,0.0204761781567915
48397,2021-01-10,355,"Rockwall","Texas",7.6913306117491,0.0418420904977283,171.181970827517,7.9842252452332,0.0418420904977257,171.181970827505,7.98422524523318,2021-01-17,362,7.80529996803524,0.0320142548203662,0.0320142548203596,0.0229235619298047,0.0229235619298023
48399,2021-01-10,355,"Runnels","Texas",5.61573159653347,0.0167806769303247,20.3453481137481,5.73319633504574,0.016780676930324,20.345348113735,5.73319633504574,2021-01-17,362,5.60632713850549,0.0160957930307693,0.0160957930307681,0.0226296456496245,0.0226296456496237
48401,2021-01-10,355,"Rusk","Texas",6.25575004175337,-0.0125342240438849,854.093523448337,6.16801047344617,0,354,6.25575004175337,2021-01-17,362,6.28546589651866,0.0137957764091361,0.000883032024431758,0.0186868284716235,0.00472770917136754
48403,2021-01-10,355,"Sabine","Texas",5.27592567623314,0.107066376921995,305.722852235142,6.0253903146871,0.107066376921987,305.722852235138,6.02539031468704,2021-01-17,362,5.40909177204994,0.379823893656687,0.379823893656617,0.113937527520187,0.113937527520177
48405,2021-01-10,355,"San Augustine","Texas",4.14086457785699,-0.0357180826020814,470.931883130134,3.89083799964242,0,354,4.14086457785699,2021-01-17,362,3.9262076404201,0.001251011488742,0.0460776007897857,0.00900860168819133,0.0546728438982722
48407,2021-01-10,355,"San Jacinto","Texas",4.53719720240189,0.0996007165731928,309.446138958572,5.23440221841423,0.0996007165731925,309.446138958572,5.23440221841423,2021-01-17,362,5.11799381241676,0.0135509169868739,0.0135509169868735,0.0227449290218094,0.0227449290218091
48409,2021-01-10,355,"San Patricio","Texas",6.79873728926222,-0.118968320573083,412.147459563285,5.96595904525064,0,354,6.79873728926222,2021-01-17,362,5.95953150000497,4.13133378850596e-05,0.704266356722879,0.00107853196944404,0.140817409767286
48411,2021-01-10,355,"San Saba","Texas",4.33448568990488,0.0420712139206892,251.972649800977,4.62898418734971,0.0420712139206874,251.972649800972,4.62898418734969,2021-01-17,362,4.41019751164058,0.0478676094678513,0.0478676094678455,0.049609269229246,0.049609269229243
48415,2021-01-10,355,"Scurry","Texas",5.83564581018003,0.0628704640368779,262.17985146798,6.27573905843817,0.0628704640368749,262.179851467976,6.27573905843815,2021-01-17,362,5.95398517408442,0.10352556209673,0.103525562096716,0.0540400882679783,0.0540400882679747
48417,2021-01-10,355,"Shackelford","Texas",3.33729357968267,0.0361796565775025,262.757731958188,3.59055117572519,0.0361796565775023,262.757731958188,3.59055117572519,2021-01-17,362,3.60316593583991,0.000159132172751812,0.000159132172751834,0.00350102114066938,0.00350102114066963
48419,2021-01-10,355,"Shelby","Texas",4.95482051498986,0.0234345925477437,143.568096292038,5.11886266282407,0.0234345925477424,143.568096292027,5.11886266282406,2021-01-17,362,5.31811999384422,0.0397034839652737,0.0397034839652773,0.0374676260127249,0.0374676260127266
48423,2021-01-10,355,"Smith","Texas",7.6224542564289,0.035723166660636,141.624340198031,7.87251642305335,0.0357231666606346,141.624340198023,7.87251642305334,2021-01-17,362,7.97973020812195,0.0114947957087358,0.0114947957087379,0.0134357656552692,0.0134357656552705
48425,2021-01-10,355,"Somervell","Texas",5.30685226899788,0.0272809452708964,160.474032651673,5.49781888589415,0.0272809452708955,160.474032651667,5.49781888589414,2021-01-17,362,5.35860579740484,0.0193802840067327,0.0193802840067309,0.0259793486874387,0.0259793486874375
48427,2021-01-10,355,"Starr","Texas",7.26512997803514,0.0097404997664191,-390.868297546915,7.33331347640008,0.00974049976642011,-390.868297546838,7.33331347640008,2021-01-17,362,7.2864852137017,0.00219288618734824,0.00219288618734891,0.00642672857008208,0.00642672857008306
48429,2021-01-10,355,"Stephens","Texas",4.11787505963229,0.0379192348622956,246.40405721301,4.38330970366836,0.0379192348622936,246.404057213004,4.38330970366835,2021-01-17,362,4.33261127511053,0.00257033065823364,0.00257033065823229,0.0117015871811715,0.0117015871811684
48433,2021-01-10,355,"Stonewall","Texas",3.84405002184194,0.066375068944877,297.085935533501,4.30867550445608,0.0663750689448728,297.085935533497,4.30867550445605,2021-01-17,362,4.06290303638728,0.0604041060606286,0.0604041060606137,0.060491836961814,0.0604918369618066
48437,2021-01-10,355,"Swisher","Texas",4.32507828280299,0.00759016926667649,-214.826328088835,4.37820946766972,0.00759016926667666,-214.826328088822,4.37820946766972,2021-01-17,362,4.19181690503092,0.03474218740706,0.0347421874070603,0.0444658168192172,0.0444658168192174
48439,2021-01-10,355,"Tarrant","Texas",10.6592540029343,0.0290843329765772,-11.4947039190695,10.8628443337703,0.0290843329765771,-11.4947039190708,10.8628443337703,2021-01-17,362,10.8312126620359,0.00100056265671152,0.00100056265671152,0.00292041830599912,0.00292041830599912
48441,2021-01-10,355,"Taylor","Texas",7.52154998979001,0.00185758567347092,-3694.09991351079,7.53455308950431,0.00185758567346994,-3694.09991351294,7.5345530895043,2021-01-17,362,7.72898151515487,0.0378024127009565,0.0378024127009593,0.0251557627960852,0.0251557627960861
48445,2021-01-10,355,"Terry","Texas",5.39037551096598,-0.0155142090364806,702.447652554564,5.28177604771062,0,354,5.39037551096598,2021-01-17,362,5.17776263614929,0.0108187897846259,0.045204234537818,0.0200884858713186,0.0410626924711272
48449,2021-01-10,355,"Titus","Texas",6.07370264534495,0.0603368342838707,254.33673654853,6.49606048533205,0.0603368342838699,254.336736548529,6.49606048533204,2021-01-17,362,6.45227425577872,0.0019172338984966,0.00191723389849613,0.00678616993289011,0.00678616993288928
48451,2021-01-10,355,"Tom Green","Texas",7.93655803625674,0.00630044343088807,-904.68245303935,7.98066114027296,0.00630044343088798,-904.682453039367,7.98066114027296,2021-01-17,362,7.94093976232779,0.00157778786586272,0.00157778786586265,0.00500210039794107,0.00500210039794096
48453,2021-01-10,355,"Travis","Texas",9.2796798500548,0.0131481984288686,-350.775768464222,9.37171723905688,0.0131481984288708,-350.775768464101,9.37171723905689,2021-01-17,362,9.40351943877092,0.0010113799066519,0.00101137990665089,0.0033819465064242,0.0033819465064225
48455,2021-01-10,355,"Trinity","Texas",4.5776521570942,0.0794310494490775,297.36948663219,5.13366950323774,0.079431049449072,297.369486632186,5.1336695032377,2021-01-17,362,4.97278506996516,0.0258838008694415,0.0258838008694289,0.0323529834909423,0.0323529834909344
48457,2021-01-10,355,"Tyler","Texas",6.00106120863828,0.209355074835699,326.335487265604,7.46654673248817,0.209355074835685,326.335487265602,7.46654673248807,2021-01-17,362,6.43202097502742,1.07024354284974,1.07024354284954,0.160839922860535,0.16083992286052
48459,2021-01-10,355,"Upshur","Texas",6.49548132894464,0.0139041996682108,-112.159670023674,6.59281072662212,0.013904199668211,-112.159670023668,6.59281072662212,2021-01-17,362,6.65911075272644,0.00439569346143441,0.00439569346143429,0.00995628824421961,0.00995628824421948
48461,2021-01-10,355,"Upton","Texas",3.68530163276605,-0.028270433938257,485.358863285042,3.48740859519825,0,354,3.68530163276605,2021-01-17,362,3.28519846779927,0.0408889356227124,0.160082542616435,0.0615518755962529,0.121789647988849
48463,2021-01-10,355,"Uvalde","Texas",6.60142419927291,0.0259499522935186,100.609389774419,6.78307386532754,0.0259499522935194,100.609389774427,6.78307386532755,2021-01-17,362,6.76206867756701,0.000441217912855248,0.000441217912855472,0.00310632570624685,0.00310632570624764
48465,2021-01-10,355,"Val Verde","Texas",7.2713065268603,0.0441628887254524,190.352561014207,7.58044674793847,0.0441628887254506,190.3525610142,7.58044674793845,2021-01-17,362,7.57617056046572,1.82857793020522e-05,1.82857793019459e-05,0.00056442597729493,0.000564425977293289
48467,2021-01-10,355,"Van Zandt","Texas",6.04804739851825,0.0409907566504358,207.453384793668,6.3349826950713,0.0409907566504346,207.453384793664,6.33498269507129,2021-01-17,362,6.57088296233958,0.055648936097247,0.0556489360972507,0.0359008475147591,0.0359008475147603
48469,2021-01-10,355,"Victoria","Texas",6.54821910276237,0.0520907340022085,229.29205542612,6.91285424077783,0.0520907340022081,229.292055426119,6.91285424077783,2021-01-17,362,6.84283573288282,0.00490259144784367,0.00490259144784329,0.010232381811906,0.0102323818119056
48471,2021-01-10,355,"Walker","Texas",6.97887921147805,-0.0224965088157769,665.220544379923,6.82140364976761,0,354,6.97887921147805,2021-01-17,362,6.96965639665533,0.0219788769597546,8.5060313254131e-05,0.0212711701195006,0.00132328113436741
48473,2021-01-10,355,"Waller","Texas",6.43041048347951,0.00461574786718849,-1038.14595781774,6.46272071854983,0.00461574786718888,-1038.14595781762,6.46272071854983,2021-01-17,362,6.45474922610497,6.35446917983672e-05,6.35446917984097e-05,0.00123498096759748,0.00123498096759789
48475,2021-01-10,355,"Ward","Texas",4.77310300532994,0.0713247808219352,288.079317590247,5.27237647108349,0.0713247808219295,288.079317590242,5.27237647108345,2021-01-17,362,4.95683258810328,0.09956794208623,0.0995679420862048,0.0636583700118375,0.0636583700118294
48477,2021-01-10,355,"Washington","Texas",5.73887379446747,0.00784679770470764,-376.365075338245,5.79380137840043,0.00784679770470653,-376.365075338348,5.79380137840042,2021-01-17,362,5.63223532336415,0.0261035901399843,0.0261035901399817,0.0286859560654454,0.028685956065444
48479,2021-01-10,355,"Webb","Texas",8.42445113971762,0.0179341545433672,-114.743422771684,8.54999022152119,0.0179341545433651,-114.743422771737,8.54999022152118,2021-01-17,362,8.82736335769922,0.0769358566732318,0.0769358566732397,0.0314219688188204,0.031421968818822
48481,2021-01-10,355,"Wharton","Texas",6.24859536071033,0.00915528658695276,-327.51226232669,6.312682366819,0.00915528658695308,-327.512262326666,6.312682366819,2021-01-17,362,6.35759464981747,0.00201711316413498,0.00201711316413474,0.0070643514524417,0.00706435145244128
48483,2021-01-10,355,"Wheeler","Texas",4.32885187218663,0.0742528471992554,296.701200217006,4.84862180258141,0.0742528471992498,296.701200217002,4.84862180258138,2021-01-17,362,4.44433051801004,0.163451442780375,0.163451442780344,0.0909678708487238,0.090967870848715
48485,2021-01-10,355,"Wichita","Texas",8.01376868313056,0.0263412576808566,50.7712201815432,8.19815748689655,0.0263412576808539,50.7712201815125,8.19815748689653,2021-01-17,362,8.08570673119134,0.0126451724586723,0.0126451724586683,0.0139073502717355,0.0139073502717333
48487,2021-01-10,355,"Wilbarger","Texas",5.76965938546489,0.0125618520409732,-104.300059150983,5.85759234975171,0.0125618520409727,-104.300059151001,5.8575923497517,2021-01-17,362,6.02206303060762,0.0270506048612081,0.0270506048612092,0.0273113516115622,0.0273113516115628
48489,2021-01-10,355,"Willacy","Texas",5.4249500174814,0.0133039656263647,-52.7693952193243,5.51807777686596,0.0133039656263634,-52.7693952193641,5.51807777686595,2021-01-17,362,5.56068163101553,0.00181508838839801,0.00181508838839877,0.00766162441524126,0.00766162441524285
48491,2021-01-10,355,"Williamson","Texas",8.92522642763011,0.0319871305958852,75.9744587475359,9.14913634180131,0.0319871305958852,75.9744587475363,9.14913634180131,2021-01-17,362,9.06816766890833,0.00655592599004966,0.00655592599004966,0.00892889014068295,0.00892889014068295
48493,2021-01-10,355,"Wilson","Texas",6.55981756425165,0.0432019232330338,203.159131044523,6.86223102688288,0.0432019232330303,203.159131044511,6.86223102688286,2021-01-17,362,6.57168296238225,0.0844181777850633,0.0844181777850488,0.0442121243772398,0.044212124377236
48495,2021-01-10,355,"Winkler","Texas",4.43421238784445,0.0222802703916678,155.980315324058,4.59017428058613,0.0222802703916658,155.98031532404,4.59017428058611,2021-01-17,362,4.54329478227,0.00219768736237139,0.00219768736237006,0.0103183923920297,0.0103183923920266
48497,2021-01-10,355,"Wise","Texas",7.30509220463976,0.0102297745986842,-359.100993542844,7.37670062683055,0.0102297745986828,-359.100993542944,7.37670062683054,2021-01-17,362,7.3185395485679,0.00338271102467346,0.00338271102467232,0.00794708805994298,0.00794708805994165
48499,2021-01-10,355,"Wood","Texas",6.00846212347655,0.04782504016383,229.365769419243,6.34323740462336,0.04782504016383,229.365769419244,6.34323740462336,2021-01-17,362,6.26448610604946,0.00620176702707559,0.00620176702707573,0.0125710708333844,0.0125710708333846
48501,2021-01-10,355,"Yoakum","Texas",4.57028292698765,-0.0644460612419917,425.916404182196,4.11916049829371,0,354,4.57028292698765,2021-01-17,362,3.8859723282282,0.0543767226584991,0.468280995574514,0.0600076764241465,0.176097650976186
48503,2021-01-10,355,"Young","Texas",5.46080058112233,-0.000606980291776291,9351.66868118835,5.45655171907989,0,354,5.46080058112233,2021-01-17,362,5.6429197292525,0.0347330352156968,0.0331673841156596,0.0330268759994029,0.0322739214570215
48505,2021-01-10,355,"Zapata","Texas",5.89989735358249,0.0229622123580306,98.0605874734404,6.06063284008871,0.0229622123580304,98.0605874734383,6.0606328400887,2021-01-17,362,5.99574110387524,0.00421093742879765,0.00421093742879742,0.0108229716876069,0.0108229716876066
48507,2021-01-10,355,"Zavala","Texas",5.19136828820507,0.13603281519092,316.837382539507,6.14359799454151,0.13603281519091,316.837382539504,6.14359799454145,2021-01-17,362,5.66494264133994,0.229110947148525,0.229110947148461,0.0844942982667797,0.0844942982667679
49001,2021-01-10,355,"Beaver","Utah",5.16396931401696,-0.0178142362751251,644.878793245133,5.03926966009108,0,354,5.16396931401696,2021-01-17,362,5.00010384204391,0.00153396130330418,0.0268518929049497,0.00783300093046906,0.0327724137637237
49003,2021-01-10,355,"Box Elder","Utah",6.84876325232811,0.00669000518562187,-668.730634327076,6.89559328862746,0.00669000518562246,-668.730634326986,6.89559328862747,2021-01-17,362,6.81876792506129,0.00590213648707413,0.00590213648707481,0.0112667514733578,0.0112667514733585
49005,2021-01-10,355,"Cache","Utah",7.67202639203799,-0.00206014360951377,4079.02504204487,7.65760538677139,0,354,7.67202639203799,2021-01-17,362,7.66448069832753,4.72699089940161e-05,5.69374935719967e-05,0.000897035536620505,0.000984501626065979
49007,2021-01-10,355,"Carbon","Utah",5.08229128300269,0.0160861377516219,39.0577047470405,5.19489424726404,0.0160861377516213,39.0577047470289,5.19489424726404,2021-01-17,362,5.02950377840064,0.0273540071908568,0.0273540071908553,0.0328840530100959,0.0328840530100951
49011,2021-01-10,355,"Davis","Utah",8.73336391756156,0.0106675700083331,-463.683534370004,8.8080369076199,0.0106675700083319,-463.683534370097,8.80803690761989,2021-01-17,362,8.73852939617746,0.00483129414692046,0.00483129414691922,0.00795414288734231,0.00795414288734129
49013,2021-01-10,355,"Duchesne","Utah",5.67037341252507,0.0064213606668317,-528.048579067406,5.71532293719289,0.00642136066683108,-528.048579067493,5.71532293719289,2021-01-17,362,5.53677167909934,0.031880551766791,0.0318805517667894,0.032248260979871,0.0322482609798702
49015,2021-01-10,355,"Emery","Utah",4.91580119142541,-0.0248203020497832,553.055655469686,4.74205907707693,0,354,4.91580119142541,2021-01-17,362,4.70177822450801,0.00162254708367875,0.0458058303681259,0.00856715281868296,0.0455195793374098
49017,2021-01-10,355,"Garfield","Utah",4.32885187218663,0.0641619442172902,287.532408034168,4.77798548170766,0.0641619442172869,287.532408034164,4.77798548170763,2021-01-17,362,4.58350868920691,0.0378212228213781,0.0378212228213691,0.0424296768453157,0.0424296768453107
49019,2021-01-10,355,"Grand","Utah",4.63334106295479,0.0125787822068594,-13.3457577020576,4.72139253840281,0.0125787822068579,-13.3457577021009,4.7213925384028,2021-01-17,362,4.69787958409236,0.000552859020405037,0.000552859020404535,0.00500501426006366,0.00500501426006139
49021,2021-01-10,355,"Iron","Utah",6.67203294546107,0.00944774469335725,-351.203772647688,6.73816715831457,0.00944774469335652,-351.203772647743,6.73816715831456,2021-01-17,362,6.87301593803536,0.0181841933921878,0.0181841933921893,0.0196200301201895,0.0196200301201903
49023,2021-01-10,355,"Juab","Utah",5.56123093067229,0.035209001482486,197.05087629541,5.8076939410497,0.0352090014824853,197.050876295406,5.80769394104969,2021-01-17,362,5.68212097787502,0.0157685690804679,0.0157685690804665,0.0220996637811176,0.0220996637811167
49025,2021-01-10,355,"Kane","Utah",4.08957128346944,-0.0306266575789916,488.529794197154,3.8751846804165,0,354,4.08957128346944,2021-01-17,362,4.06290303638728,0.0352381811683722,0.000711195402435229,0.0462030115633027,0.00656384039769629
49027,2021-01-10,355,"Millard","Utah",6.04872216237651,0.00880764501290872,-331.758169012415,6.11037567746687,0.00880764501290976,-331.758169012333,6.11037567746688,2021-01-17,362,6.0282785202307,0.00673994322626158,0.00673994322626275,0.0136186735501125,0.0136186735501137
49029,2021-01-10,355,"Morgan","Utah",5.52374402387682,0.000570288010895639,-9330.88488332722,5.52773603995309,0.000570288010897535,-9330.88488329502,5.5277360399531,2021-01-17,362,5.41990268815416,0.0116280317601912,0.0116280317601941,0.0198958095750704,0.0198958095750728
49031,2021-01-10,355,"Piute","Utah",3.17208366336144,0.0120483385161754,91.7202407947952,3.25642203297467,0.0120483385161751,91.7202407947906,3.25642203297467,2021-01-17,362,3.24147565678544,0.000223394161189932,0.000223394161189892,0.00461097900209147,0.00461097900209106
49035,2021-01-10,355,"Salt Lake","Utah",9.78800454834971,0.0169388001772729,-222.845210163259,9.90657614959062,0.0169388001772717,-222.845210163301,9.90657614959061,2021-01-17,362,9.84558600549823,0.00371979767641027,0.00371979767640918,0.00619466876408661,0.0061946687640857
49037,2021-01-10,355,"San Juan","Utah",5.38711286533117,0.0312006722485504,182.339846320732,5.60551757107102,0.0312006722485503,182.339846320732,5.60551757107102,2021-01-17,362,5.58671346973347,0.000353594227112756,0.000353594227112723,0.00336586106293448,0.00336586106293432
49039,2021-01-10,355,"Sanpete","Utah",6.50621104561721,0.0133220706842993,-133.378360976951,6.5994655404073,0.013322070684298,-133.378360977,6.5994655404073,2021-01-17,362,6.74523634948436,0.0212491287789802,0.0212491287789828,0.0216109268118087,0.02161092681181
49041,2021-01-10,355,"Sevier","Utah",5.85793315448346,0.032354543421158,173.945578114612,6.08441495843156,0.0323545434211558,173.9455781146,6.08441495843155,2021-01-17,362,5.96174144565578,0.0150487907367518,0.0150487907367481,0.0205767918474861,0.0205767918474835
49043,2021-01-10,355,"Summit","Utah",6.76239914683637,0.0353096533372542,163.482992391728,7.00956672019715,0.0353096533372508,163.482992391709,7.00956672019713,2021-01-17,362,6.97541392745595,0.00116641325202351,0.00116641325202188,0.00489616718038384,0.00489616718038041
49045,2021-01-10,355,"Tooele","Utah",6.95409345990428,0.0109710370848523,-278.859261081686,7.03089071949825,0.010971037084853,-278.859261081646,7.03089071949825,2021-01-17,362,7.08590146436561,0.00302618205086207,0.00302618205086158,0.00776340810608318,0.00776340810608256
49047,2021-01-10,355,"Uintah","Utah",5.73887379446747,0.00599494532363149,-602.285427082277,5.78083841173289,0.00599494532363121,-602.285427082323,5.78083841173289,2021-01-17,362,5.75754889881186,0.000542401412098833,0.00054240141209875,0.00404503953511125,0.00404503953511094
49049,2021-01-10,355,"Utah","Utah",9.47080172816048,0.0156345940389493,-250.759363151138,9.58024388643313,0.01563459403895,-250.759363151111,9.58024388643313,2021-01-17,362,9.57928967679031,9.10516042455127e-07,9.10516042465297e-07,9.96117327085632e-05,9.96117327091195e-05
49051,2021-01-10,355,"Wasatch","Utah",6.38157426713295,0.0173153942063554,-13.5491760153324,6.50278202657744,0.0173153942063538,-13.549176015368,6.50278202657743,2021-01-17,362,6.49548132894464,5.33001859255367e-05,5.33001859253681e-05,0.00112396560979474,0.00112396560979296
49053,2021-01-10,355,"Washington","Utah",8.07589363029886,0.00865497260852636,-578.09291612812,8.13647843855854,0.00865497260852521,-578.092916128243,8.13647843855853,2021-01-17,362,8.11124225102497,0.000636865161229807,0.000636865161229359,0.00311126048915465,0.00311126048915356
49057,2021-01-10,355,"Weber","Utah",8.47681752584782,-0.000267701781811394,32020.1516791923,8.47494361337514,0,354,8.47681752584782,2021-01-17,362,8.52269232911852,0.00227993985514139,0.00210449757512471,0.00560253895124606,0.00538266565296003
50001,2021-01-10,355,"Addison","Vermont",5.03043792139244,0.131532591239486,316.755197901991,5.95116606006884,0.131532591239487,316.755197901991,5.95116606006884,2021-01-17,362,5.52488362513975,0.181716714329073,0.181716714329077,0.077156817021337,0.0771568170213378
50003,2021-01-10,355,"Bennington","Vermont",5.55018719612064,0.0139784216238403,-42.0539267934773,5.64803614748752,0.0139784216238388,-42.0539267935202,5.64803614748751,2021-01-17,362,5.65048215500888,5.98295279453847e-06,5.98295279459061e-06,0.000432884744037186,0.000432884744039072
50005,2021-01-10,355,"Caledonia","Vermont",4.34565899050301,-0.0110498361865856,748.278137080311,4.26831013719691,0,354,4.34565899050301,2021-01-17,362,4.28062652023215,0.000151693291070884,0.00422922218952948,0.0028772384082173,0.0151922785049061
50007,2021-01-10,355,"Chittenden","Vermont",6.70616352455474,0.0137253606373541,-133.596525930523,6.80224104901622,0.0137253606373511,-133.596525930629,6.8022410490162,2021-01-17,362,6.85344993412459,0.00262234991404266,0.00262234991404484,0.00747198645946118,0.00747198645946429
50011,2021-01-10,355,"Franklin","Vermont",5.21803653528724,-0.0030911925696696,2043.03347500442,5.19639818729955,0,354,5.21803653528724,2021-01-17,362,5.14249862962008,0.00290516231804243,0.00570597519258018,0.0104812002027604,0.0146889500819832
50015,2021-01-10,355,"Lamoille","Vermont",3.63758615972639,-1.25607396694711e-15,2895996776820387,3.63758615972638,0,354,3.63758615972639,2021-01-17,362,4.19612725653204,0.311968156820876,0.311968156820866,0.133108712548266,0.133108712548263
50017,2021-01-10,355,"Orange","Vermont",4.03044076024262,0.0388147042155092,251.162012780915,4.30214368975119,0.038814704215508,251.162012780912,4.30214368975118,2021-01-17,362,4.31175743882733,9.24241712989931e-05,9.24241712991639e-05,0.00222965906884484,0.0022296590688469
50019,2021-01-10,355,"Orleans","Vermont",3.93462283734539,-0.049056156989198,435.206503705779,3.591229738421,0,354,3.93462283734539,2021-01-17,362,3.61477148196021,0.000554213688866083,0.102304889541732,0.00651265056634975,0.0884845299298767
50021,2021-01-10,355,"Rutland","Vermont",5.31109255803676,0.0322493013241063,190.311391565971,5.53683766730551,0.0322493013241054,190.311391565966,5.5368376673055,2021-01-17,362,5.45836896898196,0.00615733661659231,0.00615733661659134,0.014375850875868,0.0143758508758669
50023,2021-01-10,355,"Washington","Vermont",4.41193211745279,0.0263404166144095,187.503328172902,4.59631503375365,0.0263404166144081,187.503328172893,4.59631503375364,2021-01-17,362,4.82487927485367,0.0522416123096266,0.0522416123096311,0.0473720124545393,0.0473720124545414
50025,2021-01-10,355,"Windham","Vermont",5.4236905714711,0.0477510067380574,241.417251866055,5.7579476186375,0.0477510067380544,241.417251866048,5.75794761863748,2021-01-17,362,5.63325781834076,0.0155475462980394,0.0155475462980343,0.0221345807910245,0.0221345807910208
50027,2021-01-10,355,"Windsor","Vermont",5.25077642177904,0.0625928496414873,271.112200485297,5.68892636926945,0.0625928496414865,271.112200485296,5.68892636926944,2021-01-17,362,5.69421302364005,2.7948714434187e-05,2.79487144342433e-05,0.000928425815587201,0.000928425815588137
51001,2021-01-10,355,"Accomack","Virginia",5.83439293885306,0.0723415560728836,274.349358023555,6.34078383136325,0.0723415560728835,274.349358023555,6.34078383136324,2021-01-17,362,6.17319068858217,0.0280874615072369,0.0280874615072366,0.0271485446077423,0.0271485446077421
51003,2021-01-10,355,"Albemarle","Virginia",6.59811969631448,0.0360792353204932,172.12140965009,6.85067434355794,0.036079235320492,172.121409650084,6.85067434355793,2021-01-17,362,6.75826041069107,0.0085403349879213,0.00854033498791966,0.0136742189929042,0.0136742189929029
51005,2021-01-10,355,"Alleghany","Virginia",5.78952320344438,-0.00479617226349055,1562.11327395711,5.75594999759994,0,354,5.78952320344438,2021-01-17,362,5.70758476060594,0.00233919614948613,0.00671390841478782,0.00847385348139252,0.0143560623758022
51007,2021-01-10,355,"Amelia","Virginia",4.68345310438213,0.0725848972794049,290.476204004893,5.19154738533797,0.072584897279401,290.476204004889,5.19154738533794,2021-01-17,362,5.08759633523238,0.0108058208180538,0.0108058208180481,0.0204322519429672,0.0204322519429618
51009,2021-01-10,355,"Amherst","Virginia",6.19963948272827,0.0288340069644725,139.988625050723,6.40147753147958,0.0288340069644715,139.988625050715,6.40147753147957,2021-01-17,362,6.36031506697685,0.00169434848393862,0.00169434848393803,0.00647176500995201,0.00647176500995089
51011,2021-01-10,355,"Appomattox","Virginia",5.69853061250125,0.0301286151045636,165.859855565081,5.9094309182332,0.0301286151045632,165.859855565078,5.90943091823319,2021-01-17,362,5.90808293816893,1.81705025365664e-06,1.81705025364946e-06,0.000228158622411462,0.000228158622411011
51013,2021-01-10,355,"Arlington","Virginia",7.59502809634948,0.0136725825071929,-200.493308769861,7.69073617389983,0.0136725825071906,-200.493308769952,7.69073617389981,2021-01-17,362,7.67176025763855,0.000360085397955293,0.000360085397954686,0.00247347618069674,0.00247347618069465
51015,2021-01-10,355,"Augusta","Virginia",7.23911241493658,-0.00806991457474499,1252.04944803153,7.18262301291336,0,354,7.23911241493658,2021-01-17,362,7.21545004069915,0.00107761375324873,0.00055990795455216,0.00454954681975798,0.00327940379379809
51017,2021-01-10,355,"Bath","Virginia",4.57618264911484,0.0133236611984706,11.5371498908934,4.66944827750413,0.0133236611984699,11.5371498908758,4.66944827750413,2021-01-17,362,4.57471097850338,0.00897515582195747,0.00897515582195662,0.0207089146059546,0.0207089146059537
51019,2021-01-10,355,"Bedford","Virginia",6.9202483432296,0.0306570348751411,129.268830256607,7.13484758735559,0.0306570348751389,129.268830256591,7.13484758735558,2021-01-17,362,7.18343706371134,0.0023609372125254,0.00236093721252687,0.00676409856796881,0.00676409856797092
51021,2021-01-10,355,"Bland","Virginia",4.86533422954598,-0.0239402075460071,558.22857352828,4.69775277672393,0,354,4.86533422954598,2021-01-17,362,4.85314571300348,0.02414696464558,0.000148559935506806,0.0320190131244546,0.00251146725511303
51023,2021-01-10,355,"Botetourt","Virginia",6.03137183769984,0.01695835760631,-0.65778112000782,6.15008034094401,0.0169583576063097,-0.657781120014853,6.150080340944,2021-01-17,362,6.08709934954135,0.00396660527806093,0.00396660527806059,0.0103466343797062,0.0103466343797058
51025,2021-01-10,355,"Brunswick","Virginia",5.22035582507832,0.0786922685756697,288.6611344473,5.77120170510801,0.0786922685756641,288.661134447295,5.77120170510797,2021-01-17,362,5.65399181015318,0.0137381594753219,0.0137381594753127,0.0207304677633859,0.020730467763379
51027,2021-01-10,355,"Buchanan","Virginia",5.79344905363378,0.00480035833433984,-851.878455758139,5.82705156197416,0.00480035833434034,-851.878455758015,5.82705156197417,2021-01-17,362,5.75438505436481,0.00528042132814088,0.0052804213281414,0.0126280231376312,0.0126280231376318
51029,2021-01-10,355,"Buckingham","Virginia",5.68406555797248,-0.0168556844026938,692.219505430706,5.56607576715362,0,354,5.68406555797248,2021-01-17,362,5.81370400164159,0.06131974251563,0.0168061260769502,0.0425938841086595,0.0222987691895751
51031,2021-01-10,355,"Campbell","Virginia",6.61740297797448,0.028083573127455,119.367484581042,6.81398798986666,0.0280835731274554,119.367484581045,6.81398798986667,2021-01-17,362,6.8822909401162,0.00466529301279108,0.00466529301279072,0.00992444969906871,0.00992444969906833
51033,2021-01-10,355,"Caroline","Virginia",5.71184512207955,-0.00565239375861649,1365.51790904914,5.67227836576923,0,354,5.71184512207955,2021-01-17,362,5.78514299495181,0.0127384245205209,0.00537257816759837,0.0195093931612521,0.0126700192088983
51035,2021-01-10,355,"Carroll","Virginia",5.94429806405465,0.0204243105798158,63.9596713277031,6.08726823811336,0.0204243105798154,63.9596713276983,6.08726823811336,2021-01-17,362,5.96431355804203,0.0151178533514429,0.0151178533514422,0.020615059700465,0.0206150597004645
51036,2021-01-10,355,"Charles City","Virginia",4.12713438504509,0.0790831067938405,302.812692844706,4.68071613260198,0.0790831067938358,302.812692844703,4.68071613260194,2021-01-17,362,4.56583518058941,0.0131976331353125,0.0131976331353047,0.0251609940939067,0.0251609940938993
51037,2021-01-10,355,"Charlotte","Virginia",4.62637239363869,0.0197746556594173,121.045362644003,4.76479498325461,0.0197746556594174,121.045362644004,4.76479498325461,2021-01-17,362,4.75359019110636,0.000125547367085472,0.000125547367085492,0.00235712202730745,0.00235712202730763
51041,2021-01-10,355,"Chesterfield","Virginia",8.01697774676226,0.0158141726185268,-151.948921081722,8.12767695509195,0.0158141726185264,-151.948921081736,8.12767695509195,2021-01-17,362,8.11692882170725,0.000115522371255382,0.000115522371255306,0.0013241625768554,0.00132416257685496
51043,2021-01-10,355,"Clarke","Virginia",4.91370475459889,0.00104986886283445,-4325.30334887045,4.92105383663873,0.00104986886283509,-4325.30334886759,4.92105383663873,2021-01-17,362,5.04893983677776,0.0163548290315598,0.0163548290315587,0.0253292778827498,0.025329277882749
51045,2021-01-10,355,"Craig","Virginia",3.56751859710967,-0.035647338730242,455.078118709128,3.31798722599797,0,354,3.56751859710967,2021-01-17,362,3.55942138687705,0.0582904540393828,6.55648135512388e-05,0.0678296089834149,0.00227486699452684
51047,2021-01-10,355,"Culpeper","Virginia",6.37696987271459,0.0132031257821796,-127.989405533169,6.46939175318985,0.0132031257821783,-127.989405533217,6.46939175318984,2021-01-17,362,6.43294009273918,0.00132872354961085,0.00132872354961021,0.00566640757183665,0.00566640757183527
51049,2021-01-10,355,"Cumberland","Virginia",3.64507683145554,0.0150378773645416,112.606958542539,3.75034197300733,0.015037877364541,112.606958542529,3.75034197300733,2021-01-17,362,4.03044076024262,0.078455330610678,0.0784553306106803,0.0694958204071023,0.0694958204071033
51051,2021-01-10,355,"Dickenson","Virginia",5.27446368766863,0.00366435001448722,-1084.39952974354,5.30011413777005,0.00366435001448817,-1084.39952974317,5.30011413777005,2021-01-17,362,5.29831736654804,3.2283868242415e-06,3.22838682426384e-06,0.00033912110160742,0.000339121101608594
51053,2021-01-10,355,"Dinwiddie","Virginia",5.47706110199411,0.045212342821548,233.859161897185,5.79354750174494,0.0452123428215456,233.859161897179,5.79354750174493,2021-01-17,362,5.75754889881186,0.0012958994131336,0.00129589941313238,0.00625241809765772,0.00625241809765479
51057,2021-01-10,355,"Essex","Virginia",4.67549550270882,0.0575501252320081,273.757857018382,5.07834637933288,0.057550125232007,273.75785701838,5.07834637933287,2021-01-17,362,4.96284463025991,0.0133406540389149,0.0133406540389131,0.0232732953936781,0.0232732953936765
51059,2021-01-10,355,"Fairfax","Virginia",9.18001370357229,0.0108078749546616,-494.381931423327,9.25566882825492,0.0108078749546614,-494.381931423344,9.25566882825492,2021-01-17,362,9.27801237149572,0.000499233924553545,0.000499233924553624,0.00240822520451101,0.00240822520451121
51061,2021-01-10,355,"Fauquier","Virginia",6.60954175447801,0.0204187939887591,31.3010705668182,6.75247331239933,0.0204187939887595,31.3010705668236,6.75247331239933,2021-01-17,362,6.68532575840158,0.00450879400787982,0.00450879400788018,0.0100440212525706,0.010044021252571
51063,2021-01-10,355,"Floyd","Virginia",4.81912882772523,0.00578370611685277,-478.225051612336,4.8596147705432,0.00578370611685131,-478.225051612546,4.85961477054319,2021-01-17,362,4.89463638023338,0.0012265131452911,0.00122651314529184,0.0071550993719593,0.00715509937196148
51065,2021-01-10,355,"Fluvanna","Virginia",5.35927806633773,0.0348753293140172,201.330395389737,5.60340537153585,0.0348753293140156,201.33039538973,5.60340537153584,2021-01-17,362,5.5683445037611,0.00122926444911847,0.00122926444911772,0.00629646167744612,0.00629646167744421
51067,2021-01-10,355,"Franklin","Virginia",6.30809844150953,0.0293090285976106,139.772858626103,6.5132616416928,0.0293090285976092,139.772858626093,6.51326164169279,2021-01-17,362,6.47960625378902,0.00113268513495418,0.00113268513495353,0.00519404830873849,0.00519404830873698
51069,2021-01-10,355,"Frederick","Virginia",7.01314436566038,0.00657854678211507,-711.062855207907,7.05919419313519,0.006578546782114,-711.06285520808,7.05919419313518,2021-01-17,362,7.12883956861452,0.00485047832565733,0.00485047832565832,0.0097695248727373,0.00976952487273829
51071,2021-01-10,355,"Giles","Virginia",5.57106707554901,0.0298035303905846,168.073585493449,5.7796917882831,0.0298035303905833,168.07358549344,5.77969178828309,2021-01-17,362,5.67822043660597,0.0102964352111831,0.0102964352111811,0.0178702734087194,0.0178702734087176
51073,2021-01-10,355,"Gloucester","Virginia",5.7268477475872,0.0331156087844991,182.065001738158,5.95865700907869,0.033115608784497,182.065001738147,5.95865700907868,2021-01-17,362,5.94840791478631,0.000105043933814098,0.000105043933813807,0.0017229978910665,0.00172299789106411
51075,2021-01-10,355,"Goochland","Virginia",5.10507929801273,0.0543079588915095,260.997584843667,5.4852350102533,0.0543079588915081,260.997584843665,5.48523501025329,2021-01-17,362,5.44612141845928,0.00152987306302926,0.0015298730630285,0.00718191696230778,0.00718191696230599
51077,2021-01-10,355,"Grayson","Virginia",5.18977719797283,0.01120908453472,-107.997418022637,5.26824078971587,0.0112090845347206,-107.997418022613,5.26824078971587,2021-01-17,362,5.21493575760899,0.00284142644791577,0.00284142644791624,0.0102216085843639,0.0102216085843648
51079,2021-01-10,355,"Greene","Virginia",5.19691725210631,0.0436256576085324,235.874752680178,5.50229685536604,0.0436256576085299,235.874752680171,5.50229685536602,2021-01-17,362,5.34233425196481,0.0255880344868976,0.025588034486892,0.0299424550873794,0.0299424550873761
51081,2021-01-10,355,"Greensville","Virginia",4.31175743882733,0.0212979976789354,152.551041941759,4.46084342257987,0.0212979976789347,152.551041941751,4.46084342257987,2021-01-17,362,4.56880254181722,0.0116551714265028,0.011655171426504,0.0236296312325204,0.0236296312325216
51083,2021-01-10,355,"Halifax","Virginia",5.84561267009542,0.0591535968663471,256.179083271925,6.25968784815985,0.0591535968663441,256.17908327192,6.25968784815983,2021-01-17,362,6.19411380340761,0.00429995534516888,0.0042999553451662,0.0105865095207269,0.0105865095207236
51085,2021-01-10,355,"Hanover","Virginia",7.18256919644055,0.0433621182737582,189.358433527283,7.48610402435685,0.0433621182737554,189.358433527272,7.48610402435683,2021-01-17,362,7.29931462477437,0.0348902797963851,0.0348902797963778,0.0255899915518792,0.0255899915518765
51087,2021-01-10,355,"Henrico","Virginia",8.15478757276852,0.0279316374657067,63.0447724276588,8.35030903502847,0.0279316374657057,63.0447724276488,8.35030903502846,2021-01-17,362,8.26590733415575,0.00712364711020803,0.00712364711020684,0.0102108210823948,0.010210821082394
51089,2021-01-10,355,"Henry","Virginia",6.54699034979188,0.038434137339261,184.656893505867,6.81602931116671,0.0384341373392596,184.656893505861,6.8160293111667,2021-01-17,362,6.67438100036449,0.0200642439531207,0.0200642439531179,0.0212226887848444,0.021222688784843
51093,2021-01-10,355,"Isle of Wight","Virginia",5.98645200528444,1.25607396694701e-15,-4766002769593698,5.98645200528445,0,354,5.98645200528444,2021-01-17,362,5.99146454710798,2.51255755326892e-05,2.51255755327783e-05,0.000836613783512191,0.000836613783513674
51095,2021-01-10,355,"James City","Virginia",6.63237814172073,0.0153572076859578,-76.8739628549266,6.73987859552244,0.0153572076859563,-76.8739628549696,6.73987859552243,2021-01-17,362,6.74506826813259,2.69327018005724e-05,2.69327018006831e-05,0.000769402532910139,0.000769402532911719
51097,2021-01-10,355,"King and Queen","Virginia",4.01766919456313,-0.00768249617201604,877.964034684161,3.96389172135902,0,354,4.01766919456313,2021-01-17,362,3.88008995832514,0.00702273548758737,0.0189280462438305,0.0215978917844622,0.0354577439481284
51099,2021-01-10,355,"King George","Virginia",5.53338948872752,0.0211134804423456,92.9214903086448,5.68118385182394,0.0211134804423452,92.9214903086391,5.68118385182394,2021-01-17,362,5.63733737524805,0.00192251350812016,0.00192251350811985,0.00777786988027512,0.00777786988027449
51101,2021-01-10,355,"King William","Virginia",4.95179479407332,0.0111733005981222,-88.1810234216311,5.03000789826018,0.0111733005981218,-88.1810234216459,5.03000789826017,2021-01-17,362,5.14082778545526,0.0122810473979323,0.0122810473979329,0.0215568176604996,0.0215568176605001
51103,2021-01-10,355,"Lancaster","Virginia",4.80284939843637,0.0321647739707028,205.679833695986,5.02800281623129,0.0321647739707016,205.67983369598,5.02800281623128,2021-01-17,362,5.0201140380508,6.22328211809777e-05,6.22328211808376e-05,0.0015714340592058,0.00157143405920403
51105,2021-01-10,355,"Lee","Virginia",6.14694087848307,0.0307334447836459,154.991803009533,6.36207499196859,0.0307334447836451,154.991803009529,6.36207499196859,2021-01-17,362,6.22738328991091,0.0181418546031943,0.0181418546031928,0.0216289404051769,0.0216289404051761
51107,2021-01-10,355,"Loudoun","Virginia",7.96569437158276,0.00278122851242759,-2509.09201401072,7.98516297116976,0.00278122851242824,-2509.09201401005,7.98516297116976,2021-01-17,362,7.96301260597076,0.000490638678449062,0.000490638678449259,0.00278165642766799,0.00278165642766855
51109,2021-01-10,355,"Louisa","Virginia",5.83104425426713,0.0310861735301755,167.423222542752,6.04864746897836,0.0310861735301753,167.423222542751,6.04864746897836,2021-01-17,362,6.02586597382531,0.00051899652140813,0.000518996521408089,0.00378061763271863,0.00378061763271848
51111,2021-01-10,355,"Lunenburg","Virginia",5.16885929931115,0.0508654868943986,253.381798447301,5.52491770757194,0.0508654868943959,253.381798447296,5.52491770757192,2021-01-17,362,5.36464000947911,0.0256889405059368,0.0256889405059305,0.0298766921563473,0.0298766921563436
51113,2021-01-10,355,"Madison","Virginia",4.52334016774046,0.0140517534556493,33.0942547834197,4.62170244193,0.0140517534556492,33.0942547834174,4.62170244193,2021-01-17,362,4.69787958409236,0.00580295698802394,0.00580295698802407,0.0162152181210227,0.0162152181210229
51115,2021-01-10,355,"Mathews","Virginia",4.67015503607751,-0.0303253297149117,509.001789262693,4.45787772807312,0,354,4.67015503607751,2021-01-17,362,4.53719720240189,0.00629157900779099,0.0176777855357141,0.01748204250121,0.0293039574310846
51117,2021-01-10,355,"Mecklenburg","Virginia",5.62762111369064,0.0329097340887982,183.998280614909,5.85798925231222,0.0329097340887978,183.998280614907,5.85798925231222,2021-01-17,362,5.70473440238158,0.0234870490272636,0.0234870490272627,0.0268645022048111,0.0268645022048107
51119,2021-01-10,355,"Middlesex","Virginia",4.36218829245422,-0.00906624523775372,836.146072939783,4.29872457578994,0,354,4.36218829245422,2021-01-17,362,4.38381075646738,0.00723965814227421,0.000467530950000636,0.0194091819661501,0.00493234430370109
51121,2021-01-10,355,"Montgomery","Virginia",6.78816704350399,0.000483130696248802,-13695.3741455671,6.79154895837773,0.000483130696247613,-13695.3741456016,6.79154895837772,2021-01-17,362,6.71295620067707,0.00617682156299479,0.00617682156299353,0.0117076225959487,0.0117076225959475
51125,2021-01-10,355,"Nelson","Virginia",4.91370475459889,0.0276613380883494,177.362000749758,5.10733412121733,0.0276613380883486,177.362000749753,5.10733412121733,2021-01-17,362,5.03323512601349,0.00549066109021851,0.00549066109021772,0.014721941921781,0.0147219419217799
51127,2021-01-10,355,"New Kent","Virginia",5.56943442212512,0.0445507969853742,229.98687343453,5.88129000102274,0.0445507969853729,229.986873434527,5.88129000102273,2021-01-17,362,5.64494197463327,0.0558603895781987,0.0558603895781945,0.0418689912937196,0.041868991293718
51131,2021-01-10,355,"Northampton","Virginia",4.60087526170521,0.0395076983755138,238.54484186918,4.87742915033381,0.0395076983755125,238.544841869176,4.8774291503338,2021-01-17,362,4.79814903725603,0.00628533632962499,0.00628533632962344,0.0165230618019975,0.0165230618019955
51133,2021-01-10,355,"Northumberland","Virginia",4.86863274820464,-0.0141691743817257,698.6073702702,4.76944852753256,0,354,4.86863274820464,2021-01-17,362,4.76947323727937,6.10571587173602e-10,0.00983260860693968,5.18081255011391e-06,0.0207904533670972
51135,2021-01-10,355,"Nottoway","Virginia",6.04905937364256,0.011188453720428,-185.651954666276,6.12737854968556,0.0111884537204272,-185.651954666314,6.12737854968556,2021-01-17,362,6.00740819750512,0.0143928854022996,0.0143928854022983,0.0199704012506204,0.0199704012506195
51137,2021-01-10,355,"Orange","Virginia",5.87211778947542,0.0348039221946917,186.279998943021,6.11574524483826,0.0348039221946914,186.279998943019,6.11574524483826,2021-01-17,362,5.99003495429839,0.0158030771476188,0.0158030771476183,0.0209865704455802,0.0209865704455799
51139,2021-01-10,355,"Page","Virginia",5.9138890315068,0.00115852494131742,-4749.67131141933,5.92199870609602,0.00115852494131818,-4749.67131141596,5.92199870609602,2021-01-17,362,5.81156861752887,0.0121948044609492,0.0121948044609504,0.0190017697174001,0.019001769717401
51141,2021-01-10,355,"Patrick","Virginia",5.4324735639414,-0.00249532256739774,2532.06265110514,5.41500630596962,0,354,5.4324735639414,2021-01-17,362,5.39362754635236,0.000457051362772439,0.00150901308252807,0.00396370706607554,0.00720220616926207
51143,2021-01-10,355,"Pittsylvania","Virginia",6.58340922215876,0.0317168295628465,147.431673881091,6.80542702909869,0.0317168295628454,147.431673881084,6.80542702909868,2021-01-17,362,6.85661234922911,0.00261993699685333,0.00261993699685415,0.00746510339558169,0.00746510339558285
51145,2021-01-10,355,"Powhatan","Virginia",5.66097438216431,0.0165375856170608,12.690396092387,5.77673748148374,0.0165375856170611,12.6903960923933,5.77673748148374,2021-01-17,362,5.85670791438736,0.00639527013879224,0.00639527013879195,0.0136545025076574,0.0136545025076571
51147,2021-01-10,355,"Prince Edward","Virginia",5.50475064715623,0.0187688794037425,61.7086143641273,5.63613280298242,0.0187688794037415,61.7086143641118,5.63613280298242,2021-01-17,362,5.61521144047493,0.000437703409170152,0.000437703409169854,0.00372583699283258,0.00372583699283132
51149,2021-01-10,355,"Prince George","Virginia",5.68406555797248,0.0127078933994464,-92.2862164723612,5.7730208117686,0.012707893399444,-92.2862164724458,5.77302081176858,2021-01-17,362,5.78558188019037,0.000157780439896439,0.000157780439896863,0.00217109854840716,0.00217109854841007
51153,2021-01-10,355,"Prince William","Virginia",8.66452886501716,0.00911529149026562,-595.548742656245,8.72833590544902,0.00911529149026435,-595.548742656377,8.72833590544901,2021-01-17,362,8.71634845347472,0.000143699004835962,0.000143699004835749,0.00137528370260524,0.00137528370260422
51155,2021-01-10,355,"Pulaski","Virginia",6.37380723779529,0.00170710930373234,-3378.68431878375,6.38575700292142,0.00170710930373374,-3378.68431878068,6.38575700292143,2021-01-17,362,6.34186987803312,0.00192607973096112,0.00192607973096198,0.00692021844224749,0.00692021844224903
51157,2021-01-10,355,"Rappahannock","Virginia",4.00992722040952,0.0183011643824048,135.892235235876,4.13803537108635,0.0183011643824043,135.892235235869,4.13803537108635,2021-01-17,362,4.00733318523247,0.017083061386982,0.0170830613869808,0.0326157521255116,0.0326157521255105
51159,2021-01-10,355,"Richmond","Virginia",5.8111409929767,0.031279700444062,169.220056123336,6.03009889608513,0.0312797004440615,169.220056123333,6.03009889608513,2021-01-17,362,5.84891300312408,0.0328283278080963,0.0328283278080951,0.0309777035261565,0.0309777035261558
51161,2021-01-10,355,"Roanoke","Virginia",7.02566529070371,0.00560225554867663,-899.077974426445,7.06488107954444,0.00560225554867522,-899.077974426762,7.06488107954443,2021-01-17,362,7.07133079295504,4.15988030788487e-05,4.15988030789747e-05,0.000912093296077132,0.000912093296078513
51163,2021-01-10,355,"Rockbridge","Virginia",5.792142148634,0.0127222597721824,-100.276205041708,5.88119796703928,0.0127222597721817,-100.276205041736,5.88119796703928,2021-01-17,362,5.80556516896614,0.00572032014437206,0.00572032014437125,0.0130276374257989,0.013027637425798
51165,2021-01-10,355,"Rockingham","Virginia",7.18256919644055,0.00467773493691303,-1180.48016151179,7.21531334099894,0.00467773493691226,-1180.48016151204,7.21531334099893,2021-01-17,362,7.21018520806848,2.62977473524819e-05,2.62977473524272e-05,0.000711234563672893,0.000711234563672153
51167,2021-01-10,355,"Russell","Virginia",6.15969925324458,-0.0188374534159513,681.992142580622,6.02783707933292,0,354,6.15969925324458,2021-01-17,362,6.08709934954135,0.00351201667025721,0.00527074601771787,0.00973571594702118,0.011926847178648
51169,2021-01-10,355,"Scott","Virginia",5.58938655338878,-0.005855752692219,1309.51205799996,5.54839628454324,0,354,5.58938655338878,2021-01-17,362,5.49070711617891,0.00332804014656826,0.00973763132805576,0.0105066919694815,0.0179720817595782
51171,2021-01-10,355,"Shenandoah","Virginia",6.53751941220812,0.0141669036047423,-106.464240500635,6.63668773744131,0.0141669036047407,-106.464240500687,6.6366877374413,2021-01-17,362,6.64062252043954,1.54825172431312e-05,1.54825172432151e-05,0.000592532249215382,0.000592532249216987
51173,2021-01-10,355,"Smyth","Virginia",6.29710931993394,-0.00655568101094986,1315.55761551179,6.25121955285729,0,354,6.29710931993394,2021-01-17,362,6.31173480915291,0.00366209624452564,0.00021390493489449,0.00958773746448806,0.00231719006916618
51175,2021-01-10,355,"Southampton","Virginia",5.9018523884183,0.0988712002180845,295.307669216108,6.59395078994489,0.0988712002180785,295.307669216105,6.59395078994485,2021-01-17,362,6.07665879793294,0.267591004999686,0.267591004999643,0.0851277007996415,0.0851277007996347
51177,2021-01-10,355,"Spotsylvania","Virginia",7.21176757033756,0.0173307192372257,-61.126271023245,7.33308260499814,0.0173307192372256,-61.1262710232476,7.33308260499814,2021-01-17,362,7.29223992356013,0.00166812462704645,0.00166812462704637,0.00560084169831679,0.00560084169831667
51179,2021-01-10,355,"Stafford","Virginia",7.34591803976714,0.0210514480424361,6.04927580473159,7.49327817606419,0.0210514480424342,6.04927580470036,7.49327817606417,2021-01-17,362,7.40991488966285,0.00694943751963188,0.00694943751962966,0.0112502353458385,0.0112502353458367
51181,2021-01-10,355,"Surry","Virginia",3.85620822632175,-0.0356120717888797,463.283737300729,3.60692372379959,0,354,3.85620822632175,2021-01-17,362,3.79709303875417,0.0361643683502935,0.00349460540115021,0.0500828694513561,0.0155685380801141
51183,2021-01-10,355,"Sussex","Virginia",4.18748789394134,0.0557557996476148,279.895922569367,4.57777849147464,0.0557557996476152,279.895922569367,4.57777849147464,2021-01-17,362,4.59367580656236,0.000252724626998143,0.000252724626998058,0.00346069591262978,0.0034606959126292
51185,2021-01-10,355,"Tazewell","Virginia",6.84663946512207,-0.0241554014442121,638.441344617462,6.67755165501258,0,354,6.84663946512207,2021-01-17,362,6.66240263572841,0.00022949278527234,0.0339432093050288,0.00227380723028305,0.027653211531476
51187,2021-01-10,355,"Warren","Virginia",5.99253540210947,0.00142806164933389,-3841.27220218725,6.00253183365481,0.0014280616493334,-3841.27220218868,6.00253183365481,2021-01-17,362,6.04534378078488,0.0018328628170682,0.00183286281706851,0.00708180521778614,0.00708180521778673
51191,2021-01-10,355,"Washington","Virginia",6.75210347302861,0.00569134445523892,-831.381096089389,6.79194288421528,0.00569134445523733,-831.381096089719,6.79194288421527,2021-01-17,362,6.75560260181755,0.0013206161247469,0.00132061612474613,0.00537928065631847,0.0053792806563169
51193,2021-01-10,355,"Westmoreland","Virginia",5.12226185133273,0.0171825533199997,56.8916946778413,5.24253972457273,0.0171825533199979,56.8916946778099,5.24253972457272,2021-01-17,362,5.26638431944503,0.000568564704624171,0.000568564704624764,0.00452769745349954,0.0045276974535019
51195,2021-01-10,355,"Wise","Virginia",6.48920493132532,0.0115734450458489,-205.697778891066,6.57021904664626,0.0115734450458493,-205.697778891047,6.57021904664626,2021-01-17,362,6.48637853527048,0.00702923134775235,0.00702923134775279,0.0129256272849152,0.0129256272849156
51197,2021-01-10,355,"Wythe","Virginia",6.00459228575354,0.00105801455822569,-5320.33994600542,6.01199838766112,0.00105801455822441,-5320.3399460123,6.01199838766111,2021-01-17,362,5.98752823857217,0.000598788196435053,0.000598788196434618,0.00408685322455822,0.00408685322455673
51199,2021-01-10,355,"York","Virginia",6.28812405863673,0.0168656119259702,-17.8369943668676,6.40618334211852,0.0168656119259705,-17.8369943668617,6.40618334211852,2021-01-17,362,6.41275613413269,4.32015948615142e-05,4.32015948614909e-05,0.00102495586557296,0.00102495586557268
51510,2021-01-10,355,"Alexandria city","Virginia",7.25124366111669,0.0237886743207147,50.1808426414725,7.41776438136169,0.0237886743207145,50.1808426414704,7.41776438136169,2021-01-17,362,7.34000140976795,0.00604707975108999,0.00604707975108985,0.010594408264045,0.0105944082640449
51520,2021-01-10,355,"Bristol city","Virginia",5.7268477475872,0.00326264563481664,-1400.27727757938,5.74968626703091,0.00326264563481615,-1400.27727757964,5.74968626703091,2021-01-17,362,5.61417031596651,0.018364572992889,0.018364572992888,0.0241381973537564,0.0241381973537557
51530,2021-01-10,355,"Buena Vista city","Virginia",4.96882074366325,0.0140002286733888,0.090029628743363,5.06682234437697,0.0140002286733898,0.0900296287675428,5.06682234437698,2021-01-17,362,5.07159599388594,2.27877296344754e-05,2.27877296344076e-05,0.0009412519283325,0.000941251928331099
51540,2021-01-10,355,"Charlottesville city","Virginia",5.71137264392288,0.0674412807955316,270.313401872681,6.1834616094916,0.0674412807955305,270.313401872679,6.18346160949159,2021-01-17,362,5.97562548307824,0.0431958554425102,0.0431958554425069,0.0347806479843675,0.0347806479843662
51550,2021-01-10,355,"Chesapeake city","Virginia",7.67096142921103,-0.0133626384701255,929.060388325314,7.57742295992015,0,354,7.67096142921103,2021-01-17,362,7.86540728850868,0.0829349735125866,0.0378091921980022,0.0366140389206893,0.024721651678704
51570,2021-01-10,355,"Colonial Heights city","Virginia",5.13663842029999,0.035031347998005,208.37023226761,5.38185785628602,0.0350313479980047,208.370232267609,5.38185785628602,2021-01-17,362,5.32579355783206,0.00314320556113514,0.00314320556113484,0.0105269379755654,0.0105269379755649
51580,2021-01-10,355,"Covington city","Virginia",4.95482051498986,0,354,4.95482051498986,0,354,4.95482051498986,2021-01-17,362,5.09023834469522,0.0183379886021098,0.0183379886021098,0.0266034359366463,0.0266034359366463
51590,2021-01-10,355,"Danville city","Virginia",6.43729440235761,0.0487329968119813,222.906863450372,6.77842538004148,0.0487329968119781,222.906863450364,6.77842538004145,2021-01-17,362,6.66768353664724,0.0122637558783537,0.0122637558783488,0.016608743169284,0.0166087431692807
51595,2021-01-10,355,"Emporia city","Virginia",4.21318523943662,0.0432032630089023,257.479929847695,4.51560808049894,0.0432032630088992,257.479929847688,4.51560808049891,2021-01-17,362,4.50928841428481,3.99381810579663e-05,3.99381810576969e-05,0.00140147749123924,0.00140147749123451
51600,2021-01-10,355,"Fairfax city","Virginia",4.18748789394134,-0.0150702529209996,632.864473535563,4.08199612349434,0,354,4.18748789394134,2021-01-17,362,4.23410650459726,0.0231375680392759,0.0021732948594886,0.0359250247809696,0.0110102593322361
51610,2021-01-10,355,"Falls Church city","Virginia",3.95124371858143,0.0306858107034457,226.23547893953,4.16604439350555,0.0306858107034444,226.235478939525,4.16604439350554,2021-01-17,362,4.03044076024262,0.0183883453541064,0.018388345354104,0.0336448645023043,0.0336448645023021
51620,2021-01-10,355,"Franklin city","Virginia",4.43421238784445,-0.00169348050633142,2973.4017892537,4.42235802430013,0,354,4.43421238784445,2021-01-17,362,4.46590811865458,0.0018966107182816,0.00100461935158832,0.00975167719473171,0.00709726442372046
51630,2021-01-10,355,"Fredericksburg city","Virginia",5.54907608489522,0.00893361608739269,-266.145573148839,5.61161139750697,0.00893361608739163,-266.145573148913,5.61161139750696,2021-01-17,362,5.54294280667814,0.00471537536641643,0.00471537536641545,0.0123884718323436,0.0123884718323423
51640,2021-01-10,355,"Galax city","Virginia",5.14082778545526,-0.0280315138558899,538.394582678776,4.94460718846404,0,354,5.14082778545526,2021-01-17,362,5.01633331521089,0.00514463725810651,0.0154988731214263,0.0142985169126154,0.0248178225850481
51650,2021-01-10,355,"Hampton city","Virginia",7.21092395539773,0.0179897341819308,-45.8354922020201,7.33685209467125,0.0179897341819313,-45.835492202009,7.33685209467125,2021-01-17,362,7.25981961036319,0.00593400363867156,0.00593400363867211,0.0106107986757823,0.0106107986757828
51660,2021-01-10,355,"Harrisonburg city","Virginia",6.55900801148531,0.00915291653800605,-361.603061357553,6.62307842725135,0.00915291653800843,-361.603061357367,6.62307842725137,2021-01-17,362,6.67924018386602,0.00315414290604462,0.00315414290604273,0.0084084050084505,0.00840840500844797
51670,2021-01-10,355,"Hopewell city","Virginia",5.64241352827991,0.049828677921759,241.763731979009,5.99121427373222,0.0498286779217576,241.763731979006,5.99121427373221,2021-01-17,362,5.93110774656709,0.0036127946078532,0.00361279460785203,0.010134114862426,0.0101341148624244
51678,2021-01-10,355,"Lexington city","Virginia",5.33753807970132,-0.0102494918448051,875.761239729811,5.26579163678768,0,354,5.33753807970132,2021-01-17,362,5.12311327752295,0.0203571142024769,0.0459779957892335,0.0278499325577515,0.0418543941081948
51680,2021-01-10,355,"Lynchburg city","Virginia",7.03136259040897,0.018989928966957,-15.2679774444515,7.16429209317767,0.0189899289669544,-15.2679774445021,7.16429209317765,2021-01-17,362,7.13954704077418,0.000612317618451412,0.000612317618450533,0.00346591349033337,0.00346591349033088
51683,2021-01-10,355,"Manassas city","Virginia",6.06677078065152,0.00365024463710845,-1307.01758615755,6.09232249311128,0.0036502446371065,-1307.01758615844,6.09232249311127,2021-01-17,362,6.18149441363777,0.0079516314103817,0.00795163141038408,0.0144256250284319,0.014425625028434
51685,2021-01-10,355,"Manassas Park city","Virginia",4.93755243735778,-0.0192801507455024,611.095115776498,4.80259138213926,0,354,4.93755243735778,2021-01-17,362,4.88388358845711,0.00660842280802408,0.00288034534232245,0.0166449926263563,0.010988969726369
51690,2021-01-10,355,"Martinsville city","Virginia",5.41036972749544,0.0232568621642684,122.364587308434,5.57316776264531,0.023256862164267,122.364587308421,5.57316776264531,2021-01-17,362,5.54685015186706,0.000692616637075502,0.000692616637075035,0.00474460460580359,0.00474460460580198
51700,2021-01-10,355,"Newport News city","Virginia",7.49657315803188,0.0110815500011228,-321.491389496263,7.57414400803974,0.0110815500011237,-321.491389496211,7.57414400803974,2021-01-17,362,7.59768299691511,0.000554083997274933,0.00055408399727464,0.0030981799168155,0.00309817991681468
51710,2021-01-10,355,"Norfolk city","Virginia",7.65816007481061,0.0438479283586139,180.347277249276,7.96509557332091,0.0438479283586117,180.347277249267,7.96509557332089,2021-01-17,362,7.84530416099803,0.0143499824663098,0.0143499824663062,0.0152691864922722,0.0152691864922703
51720,2021-01-10,355,"Norton city","Virginia",4.33448568990488,0.0246457972068292,179.128809730536,4.50700627035269,0.0246457972068281,179.128809730528,4.50700627035268,2021-01-17,362,4.30019661642625,0.0427702329571727,0.0427702329571694,0.0480930693114004,0.0480930693113986
51730,2021-01-10,355,"Petersburg city","Virginia",5.90028866644211,0.0534370946809008,244.584403836405,6.27434832920842,0.0534370946809002,244.584403836404,6.27434832920841,2021-01-17,362,6.26258160268507,0.000138455853075279,0.000138455853075175,0.00187889392424105,0.00187889392424034
51735,2021-01-10,355,"Poquoson city","Virginia",4.90527477843843,0.0278988051380586,179.176169761951,5.10056641440484,0.027898805138058,179.176169761947,5.10056641440484,2021-01-17,362,5.03787981620282,0.00392960959414146,0.0039296095941409,0.0124430515393414,0.0124430515393406
51740,2021-01-10,355,"Portsmouth city","Virginia",7.17603607215828,0.0283644098476022,102.005627449537,7.37458694109149,0.028364409847601,102.005627449527,7.37458694109148,2021-01-17,362,7.28814674953818,0.00747190671577273,0.00747190671577134,0.0118603802206351,0.011860380220634
51750,2021-01-10,355,"Radford city","Virginia",5.43870023412166,0.00935460516721993,-226.392815292703,5.5041824702922,0.00935460516721953,-226.392815292728,5.5041824702922,2021-01-17,362,5.53451815701889,0.000920253889180075,0.000920253889180237,0.00548117936666654,0.00548117936666702
51760,2021-01-10,355,"Richmond city","Virginia",7.67581113145834,0.0215710400398764,-0.838713259480733,7.82680841173747,0.0215710400398779,-0.838713259455812,7.82680841173748,2021-01-17,362,7.73898597551383,0.00771278030425601,0.00771278030425788,0.0113480547065874,0.0113480547065888
51770,2021-01-10,355,"Roanoke city","Virginia",6.71243532211681,0.010474956114268,-285.807966056654,6.78576001491668,0.0104749561142681,-285.807966056651,6.78576001491668,2021-01-17,362,6.8082506002682,0.000505826429453948,0.000505826429453948,0.00330343089172316,0.00330343089172316
51775,2021-01-10,355,"Salem city","Virginia",5.33133757757617,0.0649532581311473,272.920397975854,5.7860103844942,0.0649532581311432,272.920397975849,5.78601038449417,2021-01-17,362,5.93489419561959,0.0221663892152191,0.0221663892152278,0.0250861778185148,0.0250861778185197
51790,2021-01-10,355,"Staunton city","Virginia",6.35312703255775,-0.00792868375550634,1156.28394932458,6.29762624626921,0,354,6.35312703255775,2021-01-17,362,6.32946622578109,0.00101378429531729,0.000559833777322405,0.00503043675028953,0.00373819938880223
51800,2021-01-10,355,"Suffolk city","Virginia",6.93856156908384,0.0131067130023077,-174.389906367993,7.0303085601,0.0131067130023084,-174.389906367967,7.0303085601,2021-01-17,362,6.93773008344836,0.00857077433913817,0.00857077433913899,0.0133442027202108,0.0133442027202114
51810,2021-01-10,355,"Virginia Beach city","Virginia",8.59187650823156,0.0404199258494636,142.434629637116,8.8748159891778,0.0404199258494646,142.434629637121,8.87481598917781,2021-01-17,362,8.78865877013007,0.00742306639403811,0.00742306639403933,0.0098032272387852,0.00980322723878601
51820,2021-01-10,355,"Waynesboro city","Virginia",6.08936876208935,0.0113989184097893,-179.205838060904,6.16916119095788,0.0113989184097889,-179.205838060922,6.16916119095788,2021-01-17,362,6.2220092139025,0.0027929135291556,0.00279291352915588,0.00849372302865461,0.00849372302865504
51830,2021-01-10,355,"Williamsburg city","Virginia",3.89763426797605,-0.0480997947944103,436.032243165183,3.56093570441517,0,354,3.89763426797605,2021-01-17,362,3.95945169899926,0.15881499793934,0.00382139477830927,0.10064928805289,0.0156126241011688
51840,2021-01-10,355,"Winchester city","Virginia",5.96247701023473,-0.0149610526401088,753.533255223635,5.85774964175397,0,354,5.96247701023473,2021-01-17,362,5.93186618422195,0.00549326186740761,0.000937022669184919,0.0124946416804073,0.00516040400476411
53001,2021-01-10,355,"Adams","Washington",5.03973166858389,-0.0246700496680236,559.285428541971,4.86704132090773,0,354,5.03973166858389,2021-01-17,362,4.80752776954246,0.00354186279610597,0.0539186507300422,0.0123792423503626,0.0483000640188768
53003,2021-01-10,355,"Asotin","Washington",5.04893983677776,-0.00639563623640405,1144.43511640626,5.00417038312293,0,354,5.04893983677776,2021-01-17,362,5.38252720383985,0.143153883783016,0.111280531463419,0.0702935268858472,0.061975974189989
53005,2021-01-10,355,"Benton","Washington",7.62070508683826,0.00378868060011805,-1656.44036438459,7.64722585103909,0.00378868060011683,-1656.44036438523,7.64722585103908,2021-01-17,362,7.67335600265801,0.000682784823627949,0.000682784823628413,0.00340530943825264,0.00340530943825379
53007,2021-01-10,355,"Chelan","Washington",6.726747144985,-0.00869348354221379,1128.76889394467,6.6658927601895,0,354,6.726747144985,2021-01-17,362,6.64471936043411,0.000448312857201616,0.00672855743832695,0.00318650022775503,0.012344807974784
53009,2021-01-10,355,"Clallam","Washington",5.03043792139244,-0.00279720462105762,2153.38038430325,5.01085748904503,0,354,5.03043792139244,2021-01-17,362,5.0201140380508,8.56836994961291e-05,0.000106582567251763,0.00184389217766836,0.00205650374939433
53011,2021-01-10,355,"Clark","Washington",8.05425029074108,0.00109001736653438,-7034.10272260054,8.06188041230682,0.00109001736653092,-7034.10272262404,8.06188041230679,2021-01-17,362,8.10050823266985,0.00149210850599871,0.00149210850600064,0.0047685675087946,0.00476856750879767
53015,2021-01-10,355,"Cowlitz","Washington",6.55169239259592,0.00839738677516397,-425.206100780441,6.61047410002207,0.00839738677516344,-425.20610078049,6.61047410002206,2021-01-17,362,6.7344217797381,0.0153630273069894,0.0153630273069903,0.0184050960527836,0.0184050960527841
53017,2021-01-10,355,"Douglas","Washington",6.02896675150356,0.00517331728022189,-810.39667392002,6.06517997246512,0.00517331728022086,-810.396673920254,6.06517997246511,2021-01-17,362,6.02032962750415,0.00201155344311716,0.00201155344311652,0.0074498154978192,0.00744981549781802
53019,2021-01-10,355,"Ferry","Washington",3.63758615972639,-0.0332747888848724,464.319586438612,3.40466263753228,0,354,3.63758615972639,2021-01-17,362,3.3722098447889,0.0010531837568446,0.0704245885297987,0.00962359824479097,0.0786950774571671
53021,2021-01-10,355,"Franklin","Washington",7.08960053188521,-0.00664769779542713,1421.47455255292,7.04306664731722,0,354,7.08960053188521,2021-01-17,362,7.09079086650975,0.00227760109753635,1.41689651837215e-06,0.00673045081867122,0.00016787050231015
53023,2021-01-10,355,"Garfield","Washington",3.43398720448515,-0.0625203569813383,409.925905261708,2.99634470561578,0,354,3.43398720448515,2021-01-17,362,3.01693448120459,0.000423938858797731,0.173932973995726,0.00682473408590339,0.138237249061516
53025,2021-01-10,355,"Grant","Washington",7.04365885575172,-0.0171853150704757,764.864982216862,6.92336165025839,0,354,7.04365885575172,2021-01-17,362,7.02159403826092,0.00964960205268134,0.000486856170901952,0.0139900409319119,0.00314242284167381
53027,2021-01-10,355,"Grays Harbor","Washington",6.84207324714249,-0.0242646219996347,636.977326794767,6.67222089314504,0,354,6.84207324714249,2021-01-17,362,6.65507256809061,0.000294065052172551,0.0349692539658635,0.00257672998738684,0.0280989691905839
53029,2021-01-10,355,"Island","Washington",5.18898070251057,0.0291047220846122,176.713442670047,5.39271375710286,0.0291047220846119,176.713442670045,5.39271375710285,2021-01-17,362,5.28465300435398,0.0116771262846542,0.0116771262846537,0.0204480318120883,0.0204480318120878
53031,2021-01-10,355,"Jefferson","Washington",3.81928095372953,0.044879326177436,269.89887930515,4.13343623697158,0.044879326177433,269.898879305144,4.13343623697156,2021-01-17,362,3.99426110366512,0.0193697177308725,0.0193697177308663,0.034843774529101,0.0348437745290955
53033,2021-01-10,355,"King","Washington",9.34684234804554,-0.0109816301731809,1206.13432164855,9.26997093683327,0,354,9.34684234804554,2021-01-17,362,9.41053692907848,0.0197587981758807,0.00405699965296231,0.0149370852380233,0.00676843218542915
53035,2021-01-10,355,"Kitsap","Washington",6.87390298717691,0.00548271359345314,-898.741029877062,6.91228198233109,0.00548271359345343,-898.741029876998,6.91228198233109,2021-01-17,362,6.92853781816467,0.000264252198648312,0.000264252198648254,0.0023462144914562,0.00234621449145594
53037,2021-01-10,355,"Kittitas","Washington",6.01998258602922,-0.0223108619380483,624.822950038649,5.86380655246288,0,354,6.01998258602922,2021-01-17,362,5.93413805191626,0.00494651981536172,0.00736928403706976,0.0118520160532287,0.0144662179008847
53039,2021-01-10,355,"Klickitat","Washington",5.02575845567047,-0.0341204145277213,502.294765472069,4.78691555397643,0,354,5.02575845567047,2021-01-17,362,4.88496408559086,0.00961351455174748,0.0198230546461142,0.0200714948762164,0.0288219867357695
53041,2021-01-10,355,"Lewis","Washington",6.70213585077969,-0.0319460818863337,564.795237945809,6.47851327757535,0,354,6.70213585077969,2021-01-17,362,6.53358117517691,0.00303247334625614,0.0284106786675561,0.00842844010430024,0.0257982063868992
53043,2021-01-10,355,"Lincoln","Washington",4.04555439805267,0.00752826642079052,-182.381937876191,4.0982522629982,0.00752826642079096,-182.38193787616,4.0982522629982,2021-01-17,362,4.06044301054642,0.00142953957096261,0.00142953957096288,0.00931160771215806,0.00931160771215894
53045,2021-01-10,355,"Mason","Washington",6.19586205560114,0.00233168278183929,-2302.24913519912,6.21218383507401,0.0023316827818407,-2302.24913519751,6.21218383507402,2021-01-17,362,6.32179551570711,0.012014720531213,0.0120147205312108,0.0173386944200837,0.0173386944200822
53047,2021-01-10,355,"Okanogan","Washington",5.68260747751974,-0.00823448586072302,1045.09863804913,5.62496607649468,0,354,5.68260747751974,2021-01-17,362,5.61312810638807,0.000140137536245035,0.00482738301285279,0.00210897914357941,0.0123780127256675
53049,2021-01-10,355,"Pacific","Washington",5.15163870155948,-0.140947990279584,391.549926617192,4.16500276960239,0,354,5.15163870155948,2021-01-17,362,4.27864828022005,0.0129153020835467,0.762112275750404,0.0265610779794703,0.204034163166723
53051,2021-01-10,355,"Pend Oreille","Washington",4.85425991924688,-0.0403764609864916,475.224997452623,4.57162469234144,0,354,4.85425991924688,2021-01-17,362,4.66209047624077,0.00818405805652066,0.0369290948252782,0.0194045534638097,0.0412195867895431
53053,2021-01-10,355,"Pierce","Washington",8.64503342004547,-0.00266157943492499,3603.08394091349,8.62640236400099,0,354,8.64503342004547,2021-01-17,362,8.67153160872175,0.00203664872906627,0.000702154003124019,0.0052042991661784,0.0030557679856271
53057,2021-01-10,355,"Skagit","Washington",6.64062252043954,-0.0391561180746883,524.593484925469,6.36652969391672,0,354,6.64062252043954,2021-01-17,362,6.48637853527048,0.0143637447738388,0.0237912069608325,0.0184770038785229,0.0237796767996713
53059,2021-01-10,355,"Skamania","Washington",3.91487607441055,0.00571430126343654,-330.101448791338,3.95487618325461,0.00571430126343708,-330.101448791274,3.95487618325461,2021-01-17,362,3.94849268520954,4.07490472913968e-05,4.07490472914478e-05,0.0016166923821286,0.00161669238212961
53061,2021-01-10,355,"Snohomish","Washington",8.47353981135196,0.00869310030793121,-619.743130896703,8.53439151350748,0.00869310030792825,-619.743130897035,8.53439151350745,2021-01-17,362,8.52917822596126,2.717836703949e-05,2.71783670392678e-05,0.0006112297583774,0.000611229758374901
53063,2021-01-10,355,"Spokane","Washington",8.74780592169132,-0.00249246724552832,3864.69744432371,8.73035865097263,0,354,8.74780592169132,2021-01-17,362,8.78162125884253,0.0026278549656231,0.00114347702664945,0.00583748790330505,0.00385069409787537
53065,2021-01-10,355,"Stevens","Washington",5.55129707414801,-0.0518754876089699,462.011949766967,5.18816866088522,0,354,5.55129707414801,2021-01-17,362,5.41228360367772,0.0502275075828868,0.0193247449721934,0.0414085733866965,0.0256848089733926
53067,2021-01-10,355,"Thurston","Washington",7.00501161574195,0.016862042548415,-60.4307875590327,7.12304591358085,0.0168620425484152,-60.4307875590279,7.12304591358086,2021-01-17,362,7.06938810171753,0.00287916077395963,0.00287916077395982,0.00759016354616114,0.0075901635461614
53071,2021-01-10,355,"Walla Walla","Washington",6.84237831120831,-0.0258933629246977,619.252207452045,6.66112477073542,0,354,6.84237831120831,2021-01-17,362,6.68746479665033,0.000693796965198202,0.0239981969927032,0.00393871619751998,0.0231647596314177
53073,2021-01-10,355,"Whatcom","Washington",6.83656611986923,0.0426196414309709,194.591186356129,7.13490360988602,0.0426196414309699,194.591186356125,7.13490360988602,2021-01-17,362,7.20499863915145,0.00491331312772054,0.00491331312772153,0.00972866655165372,0.0097286665516547
53075,2021-01-10,355,"Whitman","Washington",5.65948221575962,-0.00397417313927804,1779.06533822724,5.63166300378468,0,354,5.65948221575962,2021-01-17,362,5.65148617115748,0.000392957964690315,6.39367292793996e-05,0.00350760256195529,0.00141485697035715
53077,2021-01-10,355,"Yakima","Washington",8.41053024065634,0.0088120362055249,-599.436641486239,8.47221449409501,0.0088120362055264,-599.436641486078,8.47221449409502,2021-01-17,362,8.37418025599944,0.00961071183897962,0.00961071183898171,0.0117067265211231,0.0117067265211243
54001,2021-01-10,355,"Barbour","West Virginia",5.96210929557716,0.0928123824433819,290.761704003082,6.61179597268083,0.0928123824433822,290.761704003082,6.61179597268083,2021-01-17,362,6.03479767181436,0.332927039202798,0.3329270392028,0.0956118717221218,0.0956118717221221
54003,2021-01-10,355,"Berkeley","West Virginia",7.71970085256454,0.00840769283957779,-563.171132064359,7.77855470244158,0.00840769283957687,-563.171132064458,7.77855470244158,2021-01-17,362,7.73655659754758,0.00176384081468733,0.0017638408146868,0.00542852680833639,0.00542852680833558
54005,2021-01-10,355,"Boone","West Virginia",5.73426549138128,-0.00230680609791527,2840.80298819372,5.71811784869587,0,354,5.73426549138128,2021-01-17,362,5.68455111272831,0.0011267257635156,0.00247151944485019,0.00590490529540605,0.00874552408221772
54007,2021-01-10,355,"Braxton","West Virginia",6.0137151560428,0.00665851417498545,-548.161726175336,6.0603247552677,0.00665851417498509,-548.161726175385,6.0603247552677,2021-01-17,362,6.03034179469031,0.000898977924985351,0.000898977924985191,0.00497201677752169,0.00497201677752125
54009,2021-01-10,355,"Brooke","West Virginia",6.24250115902372,-0.0105031369079584,949.346357067257,6.16897920066801,0,354,6.24250115902372,2021-01-17,362,6.14387902673401,0.000630018731517131,0.00972632497736916,0.00408539520794315,0.016052095404316
54011,2021-01-10,355,"Cabell","West Virginia",7.40991488966285,-0.000950611487566627,8149.89306260198,7.40326060924988,0,354,7.40991488966285,2021-01-17,362,7.35554981628835,0.00227631976501795,0.00295556120301439,0.00648636664194395,0.00739102782692176
54013,2021-01-10,355,"Calhoun","West Virginia",3.85620822632175,0.0463761617901527,271.849345062865,4.18084135885282,0.0463761617901519,271.849345062863,4.18084135885281,2021-01-17,362,4.15888308335967,0.000482165862632945,0.000482165862632711,0.00527984919340616,0.00527984919340488
54015,2021-01-10,355,"Clay","West Virginia",4.20469261939097,-0.0335461224912042,480.340644674908,3.96986976195254,0,354,4.20469261939097,2021-01-17,362,3.99951045955126,0.000878570954139095,0.0420997187164856,0.00741108140571064,0.051301818538743
54017,2021-01-10,355,"Doddridge","West Virginia",4.7043688995321,0.00779224722015894,-248.724287309784,4.75891463007322,0.00779224722015748,-248.724287309898,4.75891463007321,2021-01-17,362,4.75359019110636,2.83496503117424e-05,2.83496503116289e-05,0.0011200879236108,0.00112008792360855
54019,2021-01-10,355,"Fayette","West Virginia",6.283067494303,0.0109994402075772,-216.217023387676,6.36006357575604,0.0109994402075788,-216.217023387595,6.36006357575605,2021-01-17,362,6.27664348934164,0.00695891081738513,0.00695891081738691,0.0132905567372196,0.0132905567372213
54021,2021-01-10,355,"Gilmer","West Virginia",5.2868229871223,0.0197014763427469,86.6534611342133,5.42473332152153,0.0197014763427461,86.6534611342027,5.42473332152153,2021-01-17,362,5.2868229871223,0.0190192603341069,0.0190192603341054,0.0260856727632363,0.0260856727632353
54023,2021-01-10,355,"Grant","West Virginia",5.42746416085474,-0.000627549440110433,9003.66385650768,5.42307131477396,0,354,5.42746416085474,2021-01-17,362,5.35927806633773,0.00406957854604761,0.00464934348548275,0.0119033287033437,0.0127229999401031
54025,2021-01-10,355,"Greenbrier","West Virginia",6.5988982093939,-0.00775197680431628,1206.25360614078,6.54463437176368,0,354,6.5988982093939,2021-01-17,362,6.59909274300019,0.00296571419773328,3.78433239776888e-08,0.00825240277071009,2.94788410876922e-05
54027,2021-01-10,355,"Hampshire","West Virginia",6.0154600526642,-0.0308984415512377,549.684901589259,5.79917096180553,0,354,6.0154600526642,2021-01-17,362,5.8158348356036,0.000277684689957878,0.0398502272864906,0.00286525911912984,0.0343244302328745
54029,2021-01-10,355,"Hancock","West Virginia",6.54760491500635,-0.0258757108980632,608.04058082889,6.36647493871991,0,354,6.54760491500635,2021-01-17,362,6.41883091916925,0.00274114868881184,0.0165827420038536,0.00815662246110664,0.020061908073093
54031,2021-01-10,355,"Hardy","West Virginia",5.8124233184356,0.016799878209082,9.01991335309822,5.93002246589917,0.0167998782090812,9.01991335308211,5.93002246589916,2021-01-17,362,5.89911426818617,0.000955316685865838,0.000955316685865508,0.00523946414798005,0.00523946414797915
54033,2021-01-10,355,"Harrison","West Virginia",7.16416780098247,0.0111161660449928,-289.481898883612,7.24198096329742,0.0111161660449914,-289.481898883689,7.24198096329741,2021-01-17,362,7.15628806430117,0.00734327293838192,0.00734327293838025,0.01197448987887,0.0119744898788686
54035,2021-01-10,355,"Jackson","West Virginia",5.93110774656709,0.0064700511146875,-561.701837656742,5.9763981043699,0.0064700511146869,-561.701837656827,5.97639810436989,2021-01-17,362,5.96394651821409,0.000155041997795529,0.000155041997795418,0.00208780982823726,0.00208780982823652
54037,2021-01-10,355,"Jefferson","West Virginia",6.58617165485467,0.00930423419984971,-352.868214985502,6.65130129425362,0.00930423419984994,-352.868214985485,6.65130129425362,2021-01-17,362,6.63575906154529,0.00024156099755999,0.000241560997560045,0.00234219364569787,0.00234219364569814
54039,2021-01-10,355,"Kanawha","West Virginia",7.63267794321222,-0.00214273453332573,3917.12019011312,7.61767880147894,0,354,7.63267794321222,2021-01-17,362,7.61565031617664,4.11475262163919e-06,0.00028994008246274,0.000266357463654716,0.00223587301525766
54041,2021-01-10,355,"Lewis","West Virginia",5.53677167909934,0.00961274012245655,-220.982665563251,5.60406085995653,0.00961274012245639,-220.982665563261,5.60406085995653,2021-01-17,362,5.53733426701854,0.00445243820511321,0.00445243820511309,0.0120503097195043,0.0120503097195041
54043,2021-01-10,355,"Lincoln","West Virginia",5.67037341252507,0.00592594326754836,-601.872713172461,5.71185501539791,0.00592594326754803,-601.872713172513,5.71185501539791,2021-01-17,362,5.71326121861075,1.97740747579066e-06,1.97740747579815e-06,0.000246129690036835,0.000246129690037301
54045,2021-01-10,355,"Logan","West Virginia",6.37624092115759,0.00340881752050218,-1515.51400751374,6.4001026438011,0.00340881752050315,-1515.51400751321,6.40010264380111,2021-01-17,362,6.34588695599342,0.00293934080446024,0.00293934080446101,0.00854343737662698,0.0085434373766281
54047,2021-01-10,355,"McDowell","West Virginia",5.67528501375453,0.000490075971586231,-11225.4188387064,5.67871554555564,0.000490075971585568,-11225.4188387221,5.67871554555563,2021-01-17,362,5.55074228911297,0.0163771543645411,0.0163771543645399,0.0230551608734693,0.0230551608734685
54049,2021-01-10,355,"Marion","West Virginia",6.86051391480256,0.0355193195610053,161.851200991633,7.10914915172959,0.0355193195610033,161.851200991623,7.10914915172958,2021-01-17,362,7.03539434590182,0.00543977138269178,0.00543977138268969,0.0104833932828131,0.010483393282811
54051,2021-01-10,355,"Marshall","West Virginia",6.38350663488401,0.0116506172199747,-192.911455192232,6.46506095542383,0.0116506172199751,-192.911455192214,6.46506095542383,2021-01-17,362,6.48985604366519,0.000614796400897143,0.000614796400897011,0.00382059140827462,0.00382059140827421
54053,2021-01-10,355,"Mason","West Virginia",5.73933345892052,0.000459664453048309,-12130.919720047,5.74255111009186,0.000459664453048347,-12130.919720046,5.74255111009186,2021-01-17,362,5.8530231609859,0.0122040740287361,0.0122040740287361,0.0188743573800304,0.0188743573800304
54055,2021-01-10,355,"Mercer","West Virginia",7.19368581839511,0.00118133504583488,-5734.45433707265,7.20195516371596,0.00118133504583273,-5734.45433708371,7.20195516371594,2021-01-17,362,7.11558212618445,0.00746030161241832,0.00746030161241571,0.0121385764368681,0.012138576436866
54057,2021-01-10,355,"Mineral","West Virginia",5.73149028145949,-0.0237997503426444,595.821445559024,5.56489202906098,0,354,5.73149028145949,2021-01-17,362,5.58188383866613,0.000288721593657668,0.0223820877252831,0.00304409946467292,0.0268021419143525
54059,2021-01-10,355,"Mingo","West Virginia",6.05208916892442,0.00370433156375437,-1278.78711240161,6.0780194898707,0.00370433156375416,-1278.78711240171,6.0780194898707,2021-01-17,362,6.02275555141092,0.00305410289408588,0.00305410289408568,0.00917585613230298,0.00917585613230269
54061,2021-01-10,355,"Monongalia","West Virginia",7.31379165245859,-0.0122979508490073,949.716285847651,7.22770599651554,0,354,7.31379165245859,2021-01-17,362,7.25881448413524,0.000967738001984688,0.00302248903685464,0.00428561546622865,0.00757384948237946
54063,2021-01-10,355,"Monroe","West Virginia",5.39945469136155,-0.00899749000460888,955.106772955094,5.33647226132929,0,354,5.39945469136155,2021-01-17,362,5.31531494291661,0.000447632122415786,0.00707949726837916,0.00398044492939805,0.015829682596151
54065,2021-01-10,355,"Morgan","West Virginia",5.45593142968852,0.00244349541247357,-1877.83882664033,5.47303589757583,0.00244349541247324,-1877.83882664063,5.47303589757583,2021-01-17,362,5.4380793089232,0.00122196309022955,0.00122196309022936,0.00642811306471312,0.00642811306471263
54067,2021-01-10,355,"Nicholas","West Virginia",5.56561449933555,0.0176507616073062,39.6813399240643,5.6891698305867,0.0176507616073049,39.6813399240423,5.68916983058669,2021-01-17,362,5.69900919590355,9.68131098384314e-05,9.68131098386062e-05,0.00172650455168989,0.00172650455169145
54069,2021-01-10,355,"Ohio","West Virginia",6.49569705540433,0.000647319042992992,-9679.76898403969,6.50022828870528,0.000647319042993644,-9679.76898402958,6.50022828870528,2021-01-17,362,6.49159027345168,7.46153075214968e-05,7.46153075215735e-05,0.00133064702018095,0.00133064702018163
54071,2021-01-10,355,"Pendleton","West Virginia",5.13915414489724,0.012642393415182,-51.5016786082391,5.22765089880351,0.0126423934151818,-51.5016786082458,5.22765089880351,2021-01-17,362,5.20870520785835,0.000358939205389558,0.000358939205389491,0.00363731295765746,0.00363731295765712
54073,2021-01-10,355,"Pleasants","West Virginia",6.03274358002742,-0.00376261774499944,1958.33682262701,6.00640525581242,0,354,6.03274358002742,2021-01-17,362,5.82515693701009,0.0328509530686706,0.0430922143592022,0.0311147529177744,0.0356362318238028
54075,2021-01-10,355,"Pocahontas","West Virginia",4.52178857704904,0.0460764582978343,256.863364848475,4.84432378513388,0.0460764582978355,256.863364848477,4.84432378513389,2021-01-17,362,4.88388358845711,0.00156497803897263,0.00156497803897199,0.00810007089782567,0.00810007089782403
54077,2021-01-10,355,"Preston","West Virginia",6.61357595455117,-0.0045906737085995,1795.65476536968,6.58144123859098,0,354,6.61357595455117,2021-01-17,362,6.5644598170128,0.000288368678815902,0.00241239496668875,0.00258687265236521,0.00748212936136571
54079,2021-01-10,355,"Putnam","West Virginia",6.53004429434433,0.00250417493131943,-2252.6629921791,6.54757351886356,0.00250417493132016,-2252.66299217835,6.54757351886357,2021-01-17,362,6.50386036604349,0.00191083972947093,0.0019108397294714,0.00672110875078084,0.00672110875078166
54081,2021-01-10,355,"Raleigh","West Virginia",6.8239077229973,0.011405482594938,-243.300656390105,6.90374610116187,0.011405482594939,-243.30065639005,6.90374610116188,2021-01-17,362,6.93703665023286,0.00110826065744838,0.00110826065744791,0.00479895822229486,0.00479895822229384
54083,2021-01-10,355,"Randolph","West Virginia",5.99431761609039,0.0742723512122025,274.292744631658,6.51422407457581,0.0742723512122012,274.292744631657,6.5142240745758,2021-01-17,362,6.57208272253149,0.00334762314325969,0.00334762314326072,0.00880370050080514,0.00880370050080649
54085,2021-01-10,355,"Ritchie","West Virginia",4.98360662170834,0.0399254624091871,230.177234752287,5.26308485857265,0.0399254624091858,230.177234752283,5.26308485857264,2021-01-17,362,5.17048399503815,0.00857491992733409,0.00857491992733245,0.0179095155547061,0.0179095155547044
54087,2021-01-10,355,"Roane","West Virginia",4.56583518058941,0.021021795142222,137.804696283097,4.71298774658497,0.0210217951422207,137.804696283084,4.71298774658496,2021-01-17,362,4.72612279640575,0.000172529533794549,0.000172529533794783,0.00277924429529762,0.0027792442952995
54089,2021-01-10,355,"Summers","West Virginia",5.2102664884253,0.0373503884185388,215.503017263425,5.47171920735507,0.0373503884185391,215.503017263426,5.47171920735507,2021-01-17,362,5.41228360367772,0.0035325909844915,0.00353259098449171,0.0109816129437428,0.0109816129437431
54091,2021-01-10,355,"Taylor","West Virginia",5.62453310300206,0.000515596814721664,-10553.7817116139,5.62814228070511,0.000515596814721242,-10553.7817116228,5.62814228070511,2021-01-17,362,5.57378225506122,0.00295501238800405,0.00295501238800376,0.0097528075472496,0.00975280754724912
54093,2021-01-10,355,"Tucker","West Virginia",4.88280192258637,0.0296562095828884,190.353135439003,5.09039538966659,0.0296562095828889,190.353135439006,5.09039538966659,2021-01-17,362,4.81450454202811,0.0761157598106774,0.0761157598106794,0.0573040995662366,0.0573040995662373
54095,2021-01-10,355,"Tyler","West Virginia",5.13495774763547,0.002526317133113,-1677.58636072662,5.15264196756726,0.00252631713311402,-1677.5863607258,5.15264196756727,2021-01-17,362,5.09637602288443,0.00316585653105163,0.00316585653105243,0.0110403832900438,0.0110403832900452
54097,2021-01-10,355,"Upshur","West Virginia",6.10223895260989,0.0301823981716029,152.82126927372,6.31351573981111,0.0301823981716023,152.821269273715,6.3135157398111,2021-01-17,362,6.13957662304753,0.0302548163404931,0.0302548163404915,0.0283307998976055,0.0283307998976048
54099,2021-01-10,355,"Wayne","West Virginia",6.17705456617875,0.0119368770403839,-162.47660173436,6.26061270546144,0.011936877040382,-162.476601734439,6.26061270546142,2021-01-17,362,6.19440539110467,0.00438340847433526,0.00438340847433362,0.0106882436935494,0.0106882436935474
54101,2021-01-10,355,"Webster","West Virginia",4.22995712105045,0.0231345754016585,172.158644686117,4.39189914886206,0.0231345754016576,172.158644686111,4.39189914886205,2021-01-17,362,4.44265125649032,0.00257577642871042,0.00257577642871105,0.0114238333594416,0.011423833359443
54103,2021-01-10,355,"Wetzel","West Virginia",5.46504172652832,0.00972061117062212,-207.211740661422,5.53308600472268,0.00972061117062051,-207.211740661515,5.53308600472267,2021-01-17,362,5.46685386837125,0.00438669588567394,0.00438669588567241,0.0121152198222483,0.0121152198222462
54105,2021-01-10,355,"Wirt","West Virginia",4.46261864200418,0.0182881239941495,110.982699842159,4.59063550996323,0.0182881239941493,110.982699842156,4.59063550996323,2021-01-17,362,4.49822110764513,0.00854042175581237,0.00854042175581205,0.0205446553440953,0.0205446553440949
54107,2021-01-10,355,"Wood","West Virginia",7.41920927670843,-0.00512646372206232,1802.23725338756,7.38332403065399,0,354,7.41920927670843,2021-01-17,362,7.33879530487617,0.00198280741939587,0.00646640686583809,0.00606757974953038,0.0109573803998622
54109,2021-01-10,355,"Wyoming","West Virginia",5.67968492307714,0.0182136464926615,43.1632173235849,5.80718044852577,0.0182136464926614,43.1632173235835,5.80718044852577,2021-01-17,362,5.74437587162145,0.0039444148801305,0.00394441488013039,0.0109332290065816,0.0109332290065814
55001,2021-01-10,355,"Adams","Wisconsin",5.14499967302467,0.00166666705247412,-2731.99908922244,5.15666634239199,0.00166666705247387,-2731.99908922291,5.15666634239199,2021-01-17,362,5.16560196744084,7.98453950136541e-05,7.98453950136858e-05,0.00172983228386022,0.00172983228386056
55003,2021-01-10,355,"Ashland","Wisconsin",5.03137119257543,-0.0294138852062944,526.054288044163,4.82547399613137,0,354,5.03137119257543,2021-01-17,362,4.90315613357815,0.00603451447829952,0.0164391013536778,0.0158432926324303,0.0261494954482961
55005,2021-01-10,355,"Barron","Wisconsin",6.32742644944917,-0.00661411721803756,1311.6547191201,6.28112762892291,0,354,6.32742644944917,2021-01-17,362,6.25135322235902,0.000886515286231649,0.00578713587990958,0.00476287381384785,0.0121690815387077
55007,2021-01-10,355,"Bayfield","Wisconsin",4.72612279640575,-0.0481872096742277,453.078366196278,4.38881232868616,0,354,4.72612279640575,2021-01-17,362,4.69918082045033,0.0963286006799664,0.000725870068382592,0.0660473609386301,0.00573333459273889
55009,2021-01-10,355,"Brown","Wisconsin",7.93297728661258,0.0190905717565034,-60.5442481134777,8.06661128890811,0.019090571756502,-60.544248113508,8.0666112889081,2021-01-17,362,8.00665324112741,0.00359496749367273,0.00359496749367167,0.00748852809969545,0.00748852809969434
55011,2021-01-10,355,"Buffalo","Wisconsin",4.9638431325895,0.0490896101965246,253.882001451686,5.30747040396517,0.0490896101965248,253.882001451686,5.30747040396517,2021-01-17,362,5.30330490805908,1.73513561436743e-05,1.73513561436817e-05,0.000785452840880898,0.000785452840881065
55013,2021-01-10,355,"Burnett","Wisconsin",4.67948221895265,-0.0377403279828444,478.991562052131,4.41529992307273,0,354,4.67948221895265,2021-01-17,362,4.5613675633297,0.0213357555302377,0.0139510718729274,0.0320227734838227,0.0258945708678487
55015,2021-01-10,355,"Calumet","Wisconsin",6.1249959397325,0.0125787822068604,-131.930756809825,6.21304741518053,0.0125787822068606,-131.930756809818,6.21304741518053,2021-01-17,362,6.24555290227161,0.00105660669102877,0.00105660669102871,0.00520458117955631,0.00520458117955617
55017,2021-01-10,355,"Chippewa","Wisconsin",6.45137274568837,0.0223447509083149,66.2801672231804,6.60778600204657,0.0223447509083137,66.2801672231645,6.60778600204656,2021-01-17,362,6.62349591380786,0.000246801327547427,0.000246801327547706,0.00237184592029973,0.00237184592030107
55019,2021-01-10,355,"Clark","Wisconsin",6.01441348009353,-0.0309303006913561,549.450533802096,5.79790137525403,0,354,6.01441348009353,2021-01-17,362,5.81028519489281,0.00015335898884563,0.0416683568189868,0.00213136175306112,0.0351322316123394
55021,2021-01-10,355,"Columbia","Wisconsin",6.22455842927536,0.0159684031787311,-34.8046886470192,6.33633725152648,0.0159684031787313,-34.8046886470157,6.33633725152648,2021-01-17,362,6.26502958432371,0.00508478340190105,0.00508478340190118,0.0113818564211086,0.0113818564211088
55023,2021-01-10,355,"Crawford","Wisconsin",4.59656181145149,-0.0284110018327797,516.788093165659,4.39768479862203,0,354,4.59656181145149,2021-01-17,362,4.48057830840238,0.00687133396370421,0.0134521729795435,0.0185006273910884,0.0258858332710333
55025,2021-01-10,355,"Dane","Wisconsin",8.27548553123945,0.0124475339552106,-309.829319688282,8.36261826892592,0.0124475339552088,-309.829319688377,8.36261826892591,2021-01-17,362,8.33289253463809,0.00088361927895044,0.000883619278949701,0.00356727680865467,0.00356727680865318
55027,2021-01-10,355,"Dodge","Wisconsin",6.80556433808559,-0.0228384711444776,652.986861512453,6.64569504007425,0,354,6.80556433808559,2021-01-17,362,6.66495551822356,0.000370966018540133,0.0197708402229931,0.0028898134573666,0.0210967379268434
55029,2021-01-10,355,"Door","Wisconsin",5.76608635799236,-0.00713333385906452,1163.32980369554,5.7161530209789,0,354,5.76608635799236,2021-01-17,362,5.79388430935339,0.0060421531923571,0.000772726099870265,0.01341609259422,0.00479780918582644
55031,2021-01-10,355,"Douglas","Wisconsin",6.42833603304099,-0.0259636538341119,602.589806662544,6.24659045620221,0,354,6.42833603304099,2021-01-17,362,6.24942351810756,8.02623975954058e-06,0.0320096879998063,0.000453331718860216,0.0286286430124378
55033,2021-01-10,355,"Dunn","Wisconsin",6.21517936379048,-0.00796363708154581,1135.44482692374,6.15943390421966,0,354,6.21517936379048,2021-01-17,362,6.18826412308259,0.000831181519684273,0.000724430182363843,0.00465885396768839,0.00434940076450486
55035,2021-01-10,355,"Eau Claire","Wisconsin",6.96615894891482,0.0182218802998532,-27.2963840329335,7.0937121110138,0.0182218802998539,-27.2963840329178,7.0937121110138,2021-01-17,362,7.01378699790407,0.00638802370560211,0.00638802370560296,0.0113954291930462,0.0113954291930469
55037,2021-01-10,355,"Florence","Wisconsin",3.28519846779927,0.00536194314138398,-257.688046324812,3.32273206978896,0.00536194314138383,-257.688046324829,3.32273206978896,2021-01-17,362,3.31678003984957,3.5426660399361e-05,3.54266603993504e-05,0.00179452054941126,0.00179452054941099
55039,2021-01-10,355,"Fond du Lac","Wisconsin",7.09624822968063,0.00462497118513352,-1179.33350082067,7.12862302797657,0.00462497118513472,-1179.33350082027,7.12862302797658,2021-01-17,362,7.06890183863963,0.00356662045581827,0.00356662045581922,0.0084484394747841,0.00844843947478523
55041,2021-01-10,355,"Forest","Wisconsin",4.53872508657994,0.01538491883948,59.98868834245,4.6464195184563,0.0153849188394801,59.9886883424528,4.6464195184563,2021-01-17,362,4.4274096405217,0.0479653266329286,0.0479653266329289,0.0494668204925338,0.049466820492534
55043,2021-01-10,355,"Grant","Wisconsin",6.00247513605659,0.0178194308779336,18.1500087082096,6.12721115220212,0.0178194308779345,18.1500087082266,6.12721115220213,2021-01-17,362,6.05040708274143,0.00589886508572232,0.00589886508572327,0.012694033378311,0.012694033378312
55045,2021-01-10,355,"Green","Wisconsin",5.90302357730876,-0.0181717739526718,679.845752136425,5.77582115964005,0,354,5.90302357730876,2021-01-17,362,5.79909265446053,0.000541562471179212,0.0108016367240851,0.00401295447531282,0.0179219283155082
55047,2021-01-10,355,"Green Lake","Wisconsin",5.09199581439187,-0.0370572345188602,492.408953487889,4.83259517275985,0,354,5.09199581439187,2021-01-17,362,4.78510795142677,0.00225503618993669,0.0941801604352849,0.00992396029830806,0.0641339476727152
55049,2021-01-10,355,"Iowa","Wisconsin",5.31741946842152,-0.0310476818119824,526.266231747111,5.10008569573765,0,354,5.31741946842152,2021-01-17,362,4.98164775722301,0.0140275452795979,0.112742642041181,0.0237748520743795,0.0674017368473463
55051,2021-01-10,355,"Iron","Wisconsin",3.83791503327442,-0.053905264836202,426.197406133453,3.46057817942101,0,354,3.83791503327442,2021-01-17,362,3.55942138687705,0.00976997966019766,0.0775587110837061,0.027769459334165,0.0782412690512372
55053,2021-01-10,355,"Jackson","Wisconsin",5.80513496891649,-0.039237262731686,502.949539921105,5.53047412979469,0,354,5.80513496891649,2021-01-17,362,5.33340868635931,0.038834788996383,0.222525685655219,0.036949248599567,0.0884474283329659
55055,2021-01-10,355,"Jefferson","Wisconsin",6.79937433339907,0.0113683075268547,-243.099085315672,6.87895248608705,0.0113683075268556,-243.099085315626,6.87895248608706,2021-01-17,362,6.85796461447912,0.000440490754630904,0.000440490754631165,0.00306036452326065,0.00306036452326156
55057,2021-01-10,355,"Juneau","Wisconsin",6.02621097986634,0.0138939365993447,-78.7295579821902,6.12346853606175,0.0138939365993442,-78.7295579822039,6.12346853606175,2021-01-17,362,6.06112386313809,0.00388685824195807,0.00388685824195774,0.0102859922237888,0.0102859922237884
55059,2021-01-10,355,"Kenosha","Wisconsin",7.5422134631934,-0.0105486210207436,1069.99520632714,7.4683731160482,0,354,7.5422134631934,2021-01-17,362,7.58636878405074,0.0139229776673665,0.00194969236001454,0.0155536425082066,0.00582034990840007
55061,2021-01-10,355,"Kewaunee","Wisconsin",5.56725339617876,-0.0124764298074607,801.221674156308,5.47991838752654,0,354,5.56725339617876,2021-01-17,362,5.53789653861052,0.00336146600311715,0.000861825086282055,0.0104693452973988,0.00530108451170304
55063,2021-01-10,355,"La Crosse","Wisconsin",7.20340552108309,0.00298062813813779,-2061.74076310089,7.22426991805006,0.00298062813813793,-2061.74076310077,7.22426991805006,2021-01-17,362,7.200851241278,0.000548434421754228,0.000548434421754269,0.00325220949404084,0.00325220949404097
55065,2021-01-10,355,"Lafayette","Wisconsin",4.81334512160838,0.00465117117572613,-679.86733550651,4.84590331983846,0.004651171175726,-679.867335506538,4.84590331983846,2021-01-17,362,4.78868151091763,0.00327433541617168,0.00327433541617158,0.0119493870683127,0.0119493870683125
55067,2021-01-10,355,"Langlade","Wisconsin",5.08671411197269,-0.0312797004440608,517.620294943986,4.86775620886427,0,354,5.08671411197269,2021-01-17,362,4.90633241999656,0.00148812406532338,0.0325375548001716,0.00786253515458329,0.0367650775640385
55069,2021-01-10,355,"Lincoln","Wisconsin",5.94242435168334,0.0189327881615649,41.1305212431971,6.07495386881429,0.018932788161564,41.1305212431817,6.07495386881429,2021-01-17,362,5.92425579741453,0.022709908723608,0.0227099087236061,0.0254374686970017,0.0254374686970006
55071,2021-01-10,355,"Manitowoc","Wisconsin",6.71728633648077,0.0058935861351996,-784.762138430725,6.75854143942716,0.00589358613519764,-784.762138431105,6.75854143942715,2021-01-17,362,6.75643392616504,4.44161215003226e-06,4.44161214997611e-06,0.000311926866325637,0.000311926866323665
55073,2021-01-10,355,"Marathon","Wisconsin",7.24228685823518,-0.00071541727207268,10478.164677382,7.23727893733067,0,354,7.24228685823518,2021-01-17,362,7.24187781845036,2.11497075530798e-05,1.67313545561403e-07,0.000635039866038265,5.6482558125015e-05
55075,2021-01-10,355,"Marinette","Wisconsin",5.74391851968117,-0.0100137386605003,928.603797184996,5.67382234905767,0,354,5.74391851968117,2021-01-17,362,5.77986129253264,0.0112442575332883,0.00129188292025233,0.0183462782423464,0.0062186220451183
55077,2021-01-10,355,"Marquette","Wisconsin",4.38736947908438,0.00534284441049599,-466.167367416766,4.42476938995785,0.00534284441049593,-466.167367416776,4.42476938995785,2021-01-17,362,4.43251603459627,6.00105031540303e-05,6.00105031540303e-05,0.00174768564353993,0.00174768564353993
55078,2021-01-10,355,"Menominee","Wisconsin",4.30983989269805,-0.0265167051426392,517.533009644844,4.12422295669958,0,354,4.30983989269805,2021-01-17,362,4.23410650459726,0.0120743940985817,0.00573554607322545,0.0259520037529457,0.0178865099445573
55079,2021-01-10,355,"Milwaukee","Wisconsin",9.20806635979782,-0.0143719645193625,995.696430010827,9.10746260816228,0,354,9.20806635979782,2021-01-17,362,9.1801903950253,0.00528933098199307,0.000777069411998551,0.00792225256051685,0.00303653449144386
55081,2021-01-10,355,"Monroe","Wisconsin",6.2363695902037,0.00223901576885663,-2430.31740461496,6.2520427005857,0.00223901576885677,-2430.31740461478,6.2520427005857,2021-01-17,362,6.19992946388153,0.00271578943978516,0.00271578943978526,0.00840545638587749,0.00840545638587764
55083,2021-01-10,355,"Oconto","Wisconsin",6.05510981226834,0.0016770086103668,-3255.66113485485,6.06684887254091,0.00167700861036746,-3255.66113485343,6.06684887254091,2021-01-17,362,6.09389219468117,0.000731341272382126,0.000731341272381886,0.00443777495175717,0.00443777495175644
55085,2021-01-10,355,"Oneida","Wisconsin",5.59205251071289,0.0237080069517969,119.128105661406,5.75800855937547,0.0237080069517974,119.128105661411,5.75800855937548,2021-01-17,362,5.71890563623042,0.00152903859848761,0.00152903859848789,0.00683748353834064,0.00683748353834126
55087,2021-01-10,355,"Outagamie","Wisconsin",7.5889021718195,0.0267405405938507,71.2023652743711,7.77608595597646,0.0267405405938517,71.202365274381,7.77608595597647,2021-01-17,362,7.73555821982831,0.00164249739729381,0.00164249739729431,0.00523914822905261,0.00523914822905341
55089,2021-01-10,355,"Ozaukee","Wisconsin",6.87788499966522,-0.006309169193266,1445.1411563041,6.83372081531235,0,354,6.87788499966522,2021-01-17,362,6.89698318200023,0.00400212703895078,0.000364740568501281,0.00917246932731029,0.00276906320213341
55091,2021-01-10,355,"Pepin","Wisconsin",4.73117331219182,0.00505051578606362,-581.770324576948,4.76652692269426,0.00505051578606341,-581.770324576986,4.76652692269426,2021-01-17,362,4.81334512160838,0.0021919437495616,0.00219194374956176,0.00972674880592611,0.00972674880592648
55093,2021-01-10,355,"Pierce","Wisconsin",6.1853264006408,-0.0146030632407256,778.563624883233,6.08310495795573,0,354,6.1853264006408,2021-01-17,362,6.13556489108174,0.00275204458358582,0.00247620783359695,0.00855013907558308,0.00811033872877711
55095,2021-01-10,355,"Polk","Wisconsin",6.14449214753801,-0.00824054716609797,1100.64128129947,6.08680831737532,0,354,6.14449214753801,2021-01-17,362,6.12061134141468,0.00114264443420547,0.000570292901099948,0.00552281825356774,0.00390170275340627
55097,2021-01-10,355,"Portage","Wisconsin",6.4379801950465,0.0131111711411158,-136.030139546985,6.52975839303431,0.0131111711411158,-136.030139546985,6.52975839303431,2021-01-17,362,6.36499660811314,0.0271464457704123,0.0271464457704123,0.0258856045125246,0.0258856045125246
55099,2021-01-10,355,"Price","Wisconsin",4.67948221895265,-0.0261795055817747,533.746012003005,4.49622567988022,0,354,4.67948221895265,2021-01-17,362,4.61935482098004,0.0151607853879797,0.00361530398695567,0.0266550515973783,0.0130164060356475
55101,2021-01-10,355,"Racine","Wisconsin",7.87549929244521,-0.00103073218228815,7995.68438705599,7.86828416716919,0,354,7.87549929244521,2021-01-17,362,7.85499081470571,0.000176713219718232,0.000420597659191309,0.00169234474960683,0.0026108850058868
55103,2021-01-10,355,"Richland","Wisconsin",5.01822546336293,0.00759016926667459,-306.148030702815,5.07135664822965,0.00759016926667488,-306.148030702789,5.07135664822965,2021-01-17,362,4.94774620554732,0.0152795415401214,0.0152795415401218,0.0249831817452034,0.0249831817452037
55105,2021-01-10,355,"Rock","Wisconsin",7.54795366022379,-0.00802614667535449,1295.42059851721,7.49177063349631,0,354,7.54795366022379,2021-01-17,362,7.5513369949049,0.00354815141145849,1.14469535643767e-05,0.00788818740956454,0.000448044456682192
55107,2021-01-10,355,"Rusk","Wisconsin",4.69527202068527,-1.25607396694711e-15,3738053764538710,4.69527202068527,0,354,4.69527202068527,2021-01-17,362,4.69657665231195,1.70206368133845e-06,1.70206368131527e-06,0.000277783526867298,0.000277783526865406
55109,2021-01-10,355,"St. Croix","Wisconsin",6.93397981861815,-0.027316227292015,608.841050028349,6.74276622757405,0,354,6.93397981861815,2021-01-17,362,6.74859205733133,3.39402923609071e-05,0.0343686220349379,0.000863265953519818,0.0274705834508727
55111,2021-01-10,355,"Sauk","Wisconsin",6.37258817144903,0.00513636936993894,-885.679498002065,6.4085427570386,0.00513636936993755,-885.679498002399,6.40854275703859,2021-01-17,362,6.28440065007971,0.0154112627201926,0.0154112627201902,0.0197540089932548,0.0197540089932532
55113,2021-01-10,355,"Sawyer","Wisconsin",5.33891076351329,-0.0217104863709065,600.913917924372,5.18693735891694,0,354,5.33891076351329,2021-01-17,362,5.1809806598435,3.54822638516094e-05,0.0249419176451516,0.00114972424421815,0.0304826661280306
55115,2021-01-10,355,"Shawano","Wisconsin",6.08123995777746,-0.00715682950671348,1204.71144723693,6.03114215123047,0,354,6.08123995777746,2021-01-17,362,5.96907285679308,0.0038525973119551,0.0125814585432406,0.0103984816279717,0.0187913774342243
55117,2021-01-10,355,"Sheboygan","Wisconsin",7.17253420821633,-0.0201851671505391,710.336874583413,7.03123803816256,0,354,7.17253420821633,2021-01-17,362,7.05061799903554,0.000375582883438378,0.0148635620610141,0.00274868967169043,0.0172915635476871
55119,2021-01-10,355,"Taylor","Wisconsin",5.03230359357538,-0.025760394091981,550.350411783564,4.85198083493152,0,354,5.03230359357538,2021-01-17,362,5.04250303294428,0.0362987079356145,0.000104028563439786,0.0377832589822992,0.00202269374996104
55121,2021-01-10,355,"Trempealeau","Wisconsin",5.72265095896058,-0.00698489452194967,1174.28953128461,5.67375669730694,0,354,5.72265095896058,2021-01-17,362,5.6659322505251,6.1221967441739e-05,0.0032170118865891,0.00138096370303545,0.0100104812284376
55123,2021-01-10,355,"Vernon","Wisconsin",5.49950740764638,-0.00582412828598771,1299.2627527415,5.45873850964446,0,354,5.49950740764638,2021-01-17,362,5.38776624660237,0.0050370621213157,0.0124860870714621,0.0131728549075133,0.0207397938086995
55125,2021-01-10,355,"Vilas","Wisconsin",5.43434563937115,0.0163422870206413,22.4672502993464,5.54874164851563,0.0163422870206418,22.4672502993566,5.54874164851564,2021-01-17,362,5.58134577031847,0.00106302875853407,0.00106302875853384,0.00584162371308778,0.00584162371308715
55127,2021-01-10,355,"Walworth","Wisconsin",7.13954704077418,0.00295018936318817,-2065.03009361362,7.16019836631649,0.00295018936319025,-2065.03009361192,7.16019836631651,2021-01-17,362,7.14519613499717,0.000225066944558496,0.000225066944558922,0.00209962484386436,0.00209962484386635
55129,2021-01-10,355,"Washburn","Wisconsin",5.08051665964432,-0.014984855095171,694.043429340972,4.97562267397813,0,354,5.08051665964432,2021-01-17,362,5.05806398766736,0.0067965702028074,0.000504122478904915,0.0162989859144226,0.00443898535718474
55131,2021-01-10,355,"Washington","Wisconsin",7.49466854671094,-0.00586093868434832,1633.74884047593,7.45364197592051,0,354,7.49466854671094,2021-01-17,362,7.46581884243205,0.000148276078039887,0.000832305436979839,0.00163101553473728,0.00386423845632712
55133,2021-01-10,355,"Waukesha","Wisconsin",8.53699581871242,0.00218726426899854,-3548.04726306399,8.55230666859541,0.00218726426900062,-3548.04726306028,8.55230666859542,2021-01-17,362,8.54907938027856,1.04153898800667e-05,1.04153898801585e-05,0.0003775012692353,0.000377501269236962
55135,2021-01-10,355,"Waupaca","Wisconsin",6.11935505984242,0.0423683392962756,210.567738516946,6.41593343491635,0.0423683392962753,210.567738516945,6.41593343491635,2021-01-17,362,6.27986065029342,0.018515802715038,0.0185158027150372,0.02166812166709,0.0216681216670896
55137,2021-01-10,355,"Waushara","Wisconsin",4.96484063890662,0.00800805080334121,-264.981161562453,5.02089699453001,0.00800805080334133,-264.981161562444,5.02089699453001,2021-01-17,362,5.05806398766736,0.0013813853788723,0.00138138537887223,0.00734806701298707,0.00734806701298689
55139,2021-01-10,355,"Winnebago","Wisconsin",7.29554121794593,0.0117006015052317,-268.518475924838,7.37744542848255,0.0117006015052317,-268.518475924839,7.37744542848255,2021-01-17,362,7.33944492672631,0.00144403813372555,0.00144403813372555,0.00517757161959984,0.00517757161959984
55141,2021-01-10,355,"Wood","Wisconsin",6.6725752938428,-0.0186218451834636,713.319770576124,6.54222237755855,0,354,6.6725752938428,2021-01-17,362,6.54329500582076,1.15053138888211e-06,0.0167133928710615,0.000163927846941238,0.0197576737571873
56001,2021-01-10,355,"Albany","Wyoming",5.34506462908767,0.0297496861710655,175.332066753488,5.55331243228513,0.0297496861710647,175.332066753483,5.55331243228512,2021-01-17,362,5.46262041783931,0.00822504148423991,0.00822504148423879,0.0166022911183141,0.016602291118313
56003,2021-01-10,355,"Big Horn","Wyoming",5.36263264848388,-0.00534403409426853,1358.48024617494,5.325224409824,0,354,5.36263264848388,2021-01-17,362,5.28247830251829,0.00182722968979084,0.00642471917717061,0.00809205544399999,0.0151736252143947
56005,2021-01-10,355,"Campbell","Wyoming",6.550467902647,-0.0747349817033481,442.649287567211,6.02732303072357,0,354,6.550467902647,2021-01-17,362,6.0168537811128,0.00010960518741255,0.28474403070072,0.00173998737407093,0.0886865695837989
56007,2021-01-10,355,"Carbon","Wyoming",4.67549550270882,-0.0158523795203263,649.939664844246,4.56452884606653,0,354,4.67549550270882,2021-01-17,362,5.0998664278242,0.286586326442144,0.180090682083284,0.10497090253912,0.0832121646951514
56009,2021-01-10,355,"Converse","Wyoming",4.62357127135898,0.00140350900231898,-2939.29399007744,4.63339583437522,0.00140350900231923,-2939.29399007685,4.63339583437522,2021-01-17,362,4.7523579050601,0.0141519742616352,0.0141519742616348,0.0250322204390831,0.0250322204390827
56011,2021-01-10,355,"Crook","Wyoming",3.45676723281697,-0.0569081322718842,415.742939450234,3.05841030691378,0,354,3.45676723281697,2021-01-17,362,3.12299405316492,0.00417106027983185,0.111404535455038,0.0206800734012576,0.106876021526136
56013,2021-01-10,355,"Fremont","Wyoming",5.54517744447956,-0.0248014916802476,578.582416572785,5.37156700271783,0,354,5.54517744447956,2021-01-17,362,5.83439293885306,0.214207847159453,0.0836456021857069,0.0793271795345026,0.0495707946661462
56015,2021-01-10,355,"Goshen","Wyoming",4.62637239363869,-0.0437826424388127,460.666815339073,4.319893896567,0,354,4.62637239363869,2021-01-17,362,4.60517018598809,0.0813825613058641,0.000449533609259217,0.0619469591567067,0.00460400089341153
56017,2021-01-10,355,"Hot Springs","Wyoming",4.07268306544092,0.0346569338090433,237.485764958866,4.31528160210422,0.0346569338090434,237.485764958867,4.31528160210422,2021-01-17,362,4.44600696433729,0.017089120330966,0.0170891203309658,0.0294028694245535,0.0294028694245533
56019,2021-01-10,355,"Johnson","Wyoming",4.61512051684126,-0.086657707666755,408.256895908081,4.00851656317397,0,354,4.61512051684126,2021-01-17,362,4.19612725653204,0.0351977722622951,0.175555352184547,0.0447104393857497,0.0998523721264595
56021,2021-01-10,355,"Laramie","Wyoming",6.68067541913212,0.000537971859113125,-12063.2618587998,6.68444122214591,0.000537971859115416,-12063.2618587469,6.68444122214593,2021-01-17,362,6.76371993289597,0.00628511397819155,0.00628511397818902,0.0117211699385245,0.0117211699385221
56023,2021-01-10,355,"Lincoln","Wyoming",5.28102586943798,0.0227867264573535,123.241134621874,5.44053295463945,0.0227867264573529,123.241134621868,5.44053295463945,2021-01-17,362,5.31531494291661,0.015679550459823,0.0156795504598219,0.0235579665678545,0.0235579665678537
56025,2021-01-10,355,"Natrona","Wyoming",6.48528932919395,-0.00434972412646503,1845.96566601443,6.45484126030869,0,354,6.48528932919395,2021-01-17,362,6.60857882710462,0.0236352394443327,0.0152003002950659,0.0232633325285287,0.0186559775007919
56029,2021-01-10,355,"Park","Wyoming",6.16421665288579,-0.0089740356963896,1041.89459920086,6.10139840301106,0,354,6.16421665288579,2021-01-17,362,6.25492710932454,0.0235710636622903,0.0082283869073266,0.0245452430747923,0.0145022403703993
56031,2021-01-10,355,"Platte","Wyoming",4.27666611901606,0.00796816964917822,-181.718758172665,4.3324433065603,0.00796816964917735,-181.718758172724,4.3324433065603,2021-01-17,362,4.51867815463465,0.0346834186372743,0.0346834186372766,0.0412144529221074,0.0412144529221088
56033,2021-01-10,355,"Sheridan","Wyoming",5.6235016433954,0.00258331324238276,-1821.85627555119,5.64158483609208,0.00258331324238092,-1821.85627555273,5.64158483609206,2021-01-17,362,5.73565021350422,0.00884829522768973,0.00884829522769207,0.0164001244690055,0.0164001244690077
56035,2021-01-10,355,"Sublette","Wyoming",4.14086457785699,-0.00679504313282991,964.39489226354,4.09329927592718,0,354,4.14086457785699,2021-01-17,362,4.01766919456313,0.00571990920713296,0.0151771024649212,0.018824367488094,0.0306633964440311
56037,2021-01-10,355,"Sweetwater","Wyoming",6.25465264795325,-0.0471810902169586,487.566937711522,5.92438501643454,0,354,6.25465264795325,2021-01-17,362,6.10479323241498,0.0325471243932472,0.0224578444254702,0.0295518962087891,0.0245478282118626
56039,2021-01-10,355,"Teton","Wyoming",5.78250563078573,0.0395024429762499,208.616505838326,6.05902273161948,0.0395024429762474,208.616505838317,6.05902273161946,2021-01-17,362,6.26421425610895,0.0421035617223141,0.0421035617223214,0.0327561472357635,0.0327561472357663
56041,2021-01-10,355,"Uinta","Wyoming",5.66988092298052,0.0103987072208965,-190.248635482949,5.7426718735268,0.0103987072208982,-190.248635482861,5.74267187352681,2021-01-17,362,5.78162496142013,0.0015173430564262,0.0015173430564253,0.0067373944441687,0.0067373944441667
56043,2021-01-10,355,"Washakie","Wyoming",4.85425991924688,-0.0478352062741675,456.478812308756,4.51941347532771,0,354,4.85425991924688,2021-01-17,362,4.7043688995321,0.0342085089426269,0.0224673177911364,0.0393156719114414,0.0318620888191161
56045,2021-01-10,355,"Weston","Wyoming",3.8286413964891,-0.0215062052209614,533.024963360688,3.67809795994236,0,354,3.8286413964891,2021-01-17,362,4.86312915698766,1.40429893797061,1.07016492662134,0.243676686098819,0.212720601716314
78010,2021-01-10,355,"St. Croix","Virgin Islands",4.64576358295334,-0.0941872150596982,404.324779164654,3.98645307753546,0,354,4.64576358295334,2021-01-17,362,4.59078144853599,0.365212779996162,0.00302303510508764,0.131639542804473,0.0119766394967211
78030,2021-01-10,355,"St. Thomas","Virgin Islands",4.16111273868694,-0.0729937659103255,412.006412627058,3.65015637731466,0,354,4.16111273868694,2021-01-17,362,4.57911950878815,0.862972499637028,0.174729659850445,0.202869379078367,0.0912854030778142
99999,2021-01-10,355,"New York City","New York",11.4903116900986,0.0252658040065005,-99.7772034937951,11.6671723181441,0.0252658040064979,-99.7772034938424,11.6671723181441,2021-01-17,362,11.6511271846195,0.00025744630982405,0.00025744630982348,0.00137713143719153,0.00137713143719
